,GSM2674169,GSM2674170,GSM2674171,GSM2674172,GSM2674174,GSM2674175,GSM2674176,GSM2674166,GSM2674168,GSM3304958,GSM3304961,GSM3304962,GSM3304963,GSM3304964,GSM3304965,GSM3304966,GSM3304970,GSM3304971,GSM3304974,GSM3304977,GSM3304980,GSM3304981,GSM3304982,GSM3304983,GSM3304986,GSM3304987,GSM3304989,GSM3304991,GSM3304994,GSM3304995,GSM3304996,GSM3304997,GSM3304998,GSM3304999,GSM3305001,GSM3305002,GSM3305003,GSM3305007,GSM3305009,GSM3305011,GSM3305013,GSM3305014,GSM3305015,GSM3305016,GSM3305017,GSM3305018,GSM3305019,GSM3305022,GSM3305023,GSM3305024,GSM3305026,GSM3305027,GSM3305028,GSM3305029,GSM3305030,GSM3305031,GSM3305032,GSM3305033,GSM3305034,GSM3305035,GSM3305036,GSM3305037,GSM3305038,GSM3305039,GSM3305040,GSM3305041,GSM3305042,GSM3305044,GSM3305045,GSM3305046,GSM3305047,GSM3305048,GSM3305049,GSM3305052,GSM3305053,GSM3305054,GSM3305055,GSM3305056,GSM3305057,GSM3305058,GSM3305059,GSM3305063,GSM3305065,GSM3305066,GSM3305067,GSM3305070,GSM3305071,GSM3305072,GSM3305073,GSM3305075,GSM3305077,GSM3305079,GSM3305080,GSM3305081,GSM3305082,GSM3305087,GSM3305090,GSM3305091
GSM2674169,1.0,0.9530922565685377,0.9398274644790491,0.9518447770494076,0.9236900341798656,0.8955737049405043,0.9261624837205241,0.9315725469163846,0.9442403407145674,0.8550494229577029,0.9355211299366457,0.9548110310959759,0.928006295971398,0.9356090206946149,0.9098792539236236,0.9015078249571018,0.8839733570207738,0.8676101185671604,0.9393394547630798,0.8837492590533772,0.9242451884561433,0.9147847536524243,0.9123322010385071,0.924815741295717,0.8914500426498172,0.933759637651235,0.9293699459094084,0.9050083739875189,0.9317892744919003,0.9355780033087566,0.9000952950484635,0.9300486120353075,0.9123141525778867,0.9504542127763329,0.9064031475537677,0.9264614530912741,0.9291417389885565,0.8957711205104271,0.9171757591461005,0.9098877492887412,0.9369268835460391,0.9245010256789128,0.8737663345109303,0.934420206460811,0.941478022795673,0.9196096586824656,0.8826043379635953,0.8273843165974384,0.9082087096875635,0.9107498388448755,0.9245314814450544,0.8575430467631977,0.9244733415297061,0.9169165404217947,0.933865234206261,0.930950112180549,0.9257298244790296,0.9279234745502934,0.9360907337122258,0.9077147042758275,0.9427771093038679,0.9218785997926737,0.938335297323056,0.9402588022919437,0.9151265236834437,0.917562620196938,0.9406603456962708,0.9208615758211907,0.792821360283888,0.8643169379763264,0.918813080913367,0.9073250162920026,0.9552796025976269,0.9195742991079698,0.8821546799136679,0.9427498282583836,0.9249483551372744,0.9081281223823152,0.8835176213445961,0.9173893815739537,0.9382598251237639,0.916221344403925,0.9348280836967021,0.8702505499830647,0.8880952528144752,0.9427612306593006,0.9208464609114112,0.9249388800629156,0.8839498615744479,0.9389345106859912,0.9291120683039643,0.9127812825933488,0.93044179515656,0.9139382965960196,0.8483502312750225,0.9417827243627551,0.8940403905430244,0.9148018394436653
GSM2674170,0.9530922565685377,1.0,0.9522403294072109,0.9474129282582502,0.9499374323687172,0.9265482937553227,0.9394846709685402,0.9430218553765247,0.9617298266508556,0.859626873189931,0.95100480812753,0.9539663951513576,0.922628355113071,0.9417836023242525,0.9140767031955442,0.9000827517498243,0.8698960991528732,0.8808491236415296,0.9416518573555299,0.9042708147854743,0.9284073121118157,0.9180357694249432,0.9232833139263106,0.9273584072100474,0.9114382477741645,0.9368402255387099,0.9390333999957303,0.9225288717603909,0.9357676056657309,0.9326043208928119,0.9102895380041343,0.9336959264685174,0.9165646448862199,0.9343698230619422,0.9217272590875383,0.9387774980976842,0.9309806653820132,0.9137037848047431,0.9195709599741786,0.91430431850851,0.9389241420900796,0.9221130977853063,0.8830184295753228,0.9413110532185427,0.9438235024659231,0.9419955073703413,0.903042711019574,0.8540930762121178,0.9072368112794424,0.92709698016711,0.9200175638855961,0.8737875726669667,0.9151405958155102,0.9285485755110203,0.9450583843035232,0.9330088165829933,0.9276084776598108,0.9490354507286578,0.9491924767235705,0.9168451790864544,0.9360449815170486,0.9285956767320853,0.9327135295396781,0.9373995243224518,0.9148822676752308,0.9081312283747927,0.9340077467112812,0.9208340789227296,0.8220106274221173,0.8522479488825603,0.9248686771013711,0.9106790155075637,0.9487377406346326,0.911779671326149,0.9058536672809815,0.9421820097976277,0.9310558446458679,0.9108191391409878,0.8993113836835529,0.9348690280997795,0.9472784328316176,0.9350312236277124,0.9360873437459751,0.8987854266862905,0.9173159650910032,0.9489556785373018,0.9320301998807313,0.9247150418788723,0.8931054568025589,0.9478005391347983,0.925340105866522,0.9195200117143748,0.9312513152861603,0.9223424618872741,0.8675670492888716,0.9372987072223345,0.8842156232799915,0.9268223514220508
GSM2674171,0.9398274644790491,0.9522403294072109,1.0,0.9547991754490854,0.9621156525880529,0.9418828309679904,0.9420323287949312,0.9368618777092811,0.9494615019768161,0.8831760062128797,0.9533792600965041,0.9525613918094081,0.941377160528326,0.9262059282236423,0.9472149186729948,0.9306530845699929,0.8600276575584082,0.9149984939844167,0.9509942104818593,0.9176460860958829,0.9413343899169642,0.950393241781226,0.927802839566087,0.9508864385283758,0.9417779019216748,0.9413648555503235,0.9263162507010227,0.9332203822453882,0.9508296875274322,0.9393400263438825,0.9192140810519959,0.9469089767298516,0.9397010776855523,0.9416478836166375,0.9443163936385415,0.9614673303759022,0.9581110525012032,0.9448155082370074,0.934949275077129,0.9498823036995754,0.9557750254155655,0.9238640806723161,0.9148797593202991,0.929135332883903,0.946866417051662,0.9438932092339741,0.929847149741108,0.8920687963668529,0.9198737738989176,0.9519236946745661,0.9330143181945431,0.89773999124068,0.938734746635461,0.9529781798495414,0.9561897347471388,0.9420778305052409,0.9473445318754665,0.937843149576537,0.9468091454569818,0.9512019298288538,0.9379839840637514,0.9471222158712427,0.9497770339498876,0.9568731721282723,0.9427101994751133,0.9335017076507001,0.9476616967708955,0.9473607462097331,0.8560199831127069,0.893264699906596,0.9455242670463629,0.9406836648302719,0.9421202088132595,0.9288298488801496,0.9211353926383591,0.9584103609298688,0.9428029697461051,0.9351661846688507,0.9310787945515691,0.9523506273352632,0.9620374679309579,0.9328927678671588,0.9492003387038751,0.9347313655944758,0.9143763655961459,0.9477894704468239,0.9406853463267274,0.9493556672502386,0.9188775101004327,0.9506173589253694,0.9482509905984695,0.9409107432937157,0.9395723908198959,0.9360605498494949,0.9109366417281087,0.9457972585179915,0.8800002608779685,0.942401448908828
GSM2674172,0.9518447770494076,0.9474129282582502,0.9547991754490854,1.0,0.9444831431827938,0.9236717133575363,0.9409446765113879,0.9383168524012779,0.9350582560877826,0.8566217942981321,0.9462998059639681,0.9508976875318831,0.9184642079710227,0.9251065185126078,0.9244080597531993,0.9053949804784994,0.8754096133554299,0.8891079294897797,0.9321385988691114,0.8954997034370156,0.9303868615347564,0.9320891977912319,0.9293768543034747,0.9285551908868244,0.9162198190160173,0.937778631584513,0.9209084194013089,0.9203100678876489,0.939246869302257,0.9450194169330436,0.9076118389025746,0.9305628747508538,0.9206657878120876,0.9385416475839492,0.9113473020936088,0.937508217361646,0.9339507537398796,0.9179797685589235,0.9144278917921902,0.9266427700776199,0.9450643606016763,0.9131615450321611,0.8804759282784281,0.9236808708863912,0.9439316584292069,0.9385481362927296,0.902076202348523,0.8569108112961717,0.921577873355944,0.9249579206344395,0.9391524712054055,0.8776404806332763,0.9213321403185766,0.9333712264975119,0.9411598176017592,0.9319695646360617,0.9436954261916413,0.9219176576577414,0.9317762376336025,0.9221911934828364,0.9287072895400413,0.9276293591382947,0.9310547485122939,0.9386349279851202,0.9354205493736668,0.9249767920165881,0.9336454575556034,0.9322010253312665,0.8208568565977218,0.8873861345832992,0.9350475780853031,0.9128827751754625,0.9459607710958431,0.9169375303237168,0.8976721628054427,0.9498079662965642,0.9307182059200086,0.9193425764483536,0.9007710230847122,0.9290414134547762,0.9431007887329104,0.9188923417873857,0.9384069554645218,0.8951881599235987,0.9019507454754029,0.9394907211631526,0.9253258224202886,0.9241598660570529,0.8934953131088575,0.9430020267307082,0.9380794765162004,0.9216142887889801,0.9290110382387018,0.9193762375969651,0.8770657791284238,0.9417535177300372,0.8902786662521289,0.9194713945750599
GSM2674174,0.9236900341798656,0.9499374323687172,0.9621156525880529,0.9444831431827938,1.0,0.958934589308776,0.9527500121822148,0.942936247601158,0.9408096956419462,0.8895003621945032,0.9523116359621004,0.9511814951415155,0.9228103883368314,0.9205756360698341,0.9404641146231468,0.9307130045159308,0.8300082855519603,0.9132389073364593,0.9490987512926655,0.9176996644081425,0.9352213513270563,0.9404034926967362,0.929616433129081,0.9446219461882596,0.9465359009108243,0.9260819852588857,0.9215778031424361,0.9477833456931521,0.9341749249963522,0.9268422054785754,0.9104570371477089,0.9427482149821145,0.9291275555396985,0.9215971547991144,0.9488661139856014,0.9505689382414176,0.941255148059564,0.9477859244217203,0.935462379225621,0.9398258674033487,0.9465541164736301,0.9305824790127193,0.8940016641270163,0.929077803167891,0.9394989656734511,0.9370357117832313,0.9366756696144137,0.9060331486832536,0.9212718738770387,0.957928136589399,0.9260999239763894,0.8930942377540911,0.9216568814315172,0.9526372631809962,0.9535852195062523,0.9247983145471071,0.9406422649173379,0.9398482919998105,0.9370632603920968,0.9461432464173328,0.9255064093760971,0.9427975496233058,0.9343327474143168,0.9493379029732146,0.9379405511395673,0.9149291869463498,0.9371147905030024,0.935065689371442,0.8667995098024088,0.8633203237452934,0.9342795418255719,0.9380236290586338,0.9353661136184216,0.9079156251154353,0.9381454841819945,0.9518509328624519,0.9477833914456786,0.9298168663282564,0.9291787893082986,0.9459467424358549,0.9546286855778161,0.9130269159315105,0.9284326595470856,0.9376186302839195,0.9297300866896633,0.9555942030766467,0.9574174394622199,0.9398878521101177,0.9269261529385983,0.9482889974916714,0.9314963646087271,0.9439698642238702,0.9536731009160406,0.943076026942127,0.9183469236884984,0.93760810402235,0.8660100567220866,0.9448286375500848
GSM2674175,0.8955737049405043,0.9265482937553227,0.9418828309679904,0.9236717133575363,0.958934589308776,1.0,0.9284102198323018,0.9117493252534289,0.9215719500492218,0.8771082195110143,0.9282481001113246,0.9263863013087523,0.905753017774478,0.8950644608563616,0.9329782969256516,0.9245563403895554,0.7963358150343945,0.9015837585578684,0.9289150976478207,0.9115371678064546,0.8975445365745679,0.9220882085986394,0.9191136922951372,0.9192084846389584,0.9312433487475837,0.9063833354729499,0.8818698875811213,0.9258176491371323,0.9043579950651267,0.8969815331724246,0.8801854366034637,0.9293160543695879,0.9180960695320802,0.8932414963962859,0.9267197731036607,0.9267760422729648,0.9263294065954014,0.9311595408973701,0.9110648709801537,0.9262679833868726,0.9372938812694744,0.8968496961685691,0.8921309608977264,0.9067845376438249,0.922235186408889,0.9147743405353177,0.9239210327944309,0.9012611983926598,0.908990760261994,0.9346680313483041,0.9034817709931406,0.8971658040293429,0.8839719198580495,0.9311370030515338,0.9309142135423432,0.9172586146027557,0.9220351072699964,0.9167540027438131,0.9078152955839688,0.9317873804112945,0.8862759914212127,0.9212334772480685,0.90815485624724,0.9238902361868755,0.916115653450493,0.8925959008326203,0.90611943158723,0.9152704576751778,0.8618413205618768,0.8396694520395668,0.910118458954512,0.924239530813349,0.9060508717023872,0.8798514662076153,0.9172752458835619,0.9232067456928345,0.9178677898522323,0.9086910418882617,0.91826629433024,0.9342090264536731,0.9281531457231642,0.899636249746279,0.9136980772184776,0.9229923007299696,0.9057547106897393,0.9247759374977135,0.920086181786586,0.9263168844557873,0.9119184852258623,0.921640411687057,0.9102662546781387,0.9279063738615968,0.9194459079496273,0.9207746380752064,0.9142788465762314,0.9293389874397288,0.8241758905741035,0.9346916390832347
GSM2674176,0.9261624837205241,0.9394846709685402,0.9420323287949312,0.9409446765113879,0.9527500121822148,0.9284102198323018,1.0,0.9837835423435848,0.9348641335512596,0.8480712051412286,0.9421027875090126,0.9391919248635092,0.9293872512917941,0.9109334833515835,0.9194271792142044,0.9001585134611209,0.8396887207663397,0.8927520170667597,0.9313774140198511,0.9051224215355526,0.9292962830607535,0.9274567210682957,0.9331892421073676,0.9125157880204963,0.9209615592711822,0.9169152866280846,0.906857685558451,0.9267568426940181,0.9304812455403156,0.9232974229596725,0.9039090212214284,0.9391304300168826,0.9239055538025445,0.9175347133810184,0.9198843067367916,0.93759013854133,0.9377858697656174,0.9248534548945732,0.9285100752403748,0.9161844610704132,0.9370815738485233,0.9157580432443547,0.8840293744407489,0.9159688395122539,0.9339170278939047,0.9329832899586105,0.9127408232023907,0.8722306738635962,0.9040708682383531,0.935121093229386,0.9303093292625279,0.8808875626658532,0.9098629609939598,0.9311312060474052,0.9299168911631364,0.9217686292331696,0.9283999745738489,0.9221061705899664,0.9292442675125603,0.9301382384296698,0.9173428676317885,0.9187067482153193,0.9312184597873051,0.9306097023788781,0.9301710056426035,0.9122864065804964,0.9235237228792196,0.9128199878834619,0.8359114193193753,0.8698341485920883,0.9320974258414434,0.9120642877218441,0.9279604826734622,0.9090658915480907,0.9094290028025686,0.9325255485150838,0.9426735917224419,0.9239266790460279,0.9004684146156524,0.9351800566570809,0.9387116082808126,0.9083689815442813,0.9129287667127844,0.914573521802362,0.9222057149957099,0.9428651175076782,0.9420023356726388,0.9109219333068329,0.8959236544255507,0.9351196786171466,0.9143335480009261,0.9174381042323104,0.9333366719709109,0.9334423202749929,0.8875902452563648,0.9215878195112582,0.8770590271410753,0.9161737750836043
GSM2674166,0.9315725469163846,0.9430218553765247,0.9368618777092811,0.9383168524012779,0.942936247601158,0.9117493252534289,0.9837835423435848,1.0,0.9351526978831008,0.8321575810004243,0.9412550066386481,0.9345146779626936,0.9282815787909535,0.9149831776884261,0.9036655364188177,0.8828006889120933,0.8586701810917309,0.8747506037484455,0.925391813852384,0.8921500836316439,0.9349271321684706,0.918648725099777,0.9300193308821821,0.9075876500233153,0.901174220007212,0.9219940907153062,0.9198087516738541,0.9181890872399797,0.9343161361882025,0.9282372057092235,0.913061884693513,0.9313820683869326,0.9158613953524869,0.9227637477110776,0.9075621756891118,0.9333389613862545,0.933612460807004,0.9133613224782536,0.9209908069077936,0.9025871152403322,0.9270246456436163,0.9171476182777922,0.874427410314379,0.9221653083035345,0.9352328318429857,0.9314771174992774,0.9017322120610295,0.8436153393878905,0.8958480944483302,0.9292841311599042,0.9328451510439435,0.8595133092294268,0.9160834292271741,0.9209213614691624,0.9253431130543038,0.9150748272544292,0.9204575674180551,0.9216216762096796,0.9329567672974193,0.919828542628777,0.9262906900355675,0.9111523496396063,0.9342070218072225,0.9218266997190866,0.9211935052380246,0.9109276552163007,0.9249662624806706,0.9011005214002467,0.8156172250195518,0.8706868014660093,0.929280076716338,0.8923208710378987,0.9302186250223502,0.9176601765046647,0.8984247319669565,0.9286520784489876,0.9452129852709692,0.9200545196191956,0.8798485091344763,0.9304842004820915,0.9357535998709627,0.9077501498061016,0.9116958677220967,0.8969602246814037,0.9167571328383638,0.9434088439888958,0.9411595790712992,0.8975289331243244,0.8795547648226223,0.9325079559950101,0.9154883749212936,0.9051918837600491,0.9285226059937883,0.9303196109087613,0.8643602474139667,0.9157595668321992,0.8972125646298607,0.8997797142252109
GSM2674168,0.9442403407145674,0.9617298266508556,0.9494615019768161,0.9350582560877826,0.9408096956419462,0.9215719500492218,0.9348641335512596,0.9351526978831008,1.0,0.8510980445718204,0.943956693597686,0.9442879443851737,0.9296368268014824,0.9402595861918567,0.9116590439342337,0.8992722703919995,0.8696051504385507,0.879259405981081,0.9430901897951698,0.9025308508914427,0.9312678535765853,0.9182216568048703,0.9139592045619364,0.9284505054177715,0.9093553189550171,0.9333060641215158,0.9381625989895918,0.9155859379820181,0.9437242088266518,0.9319459383207243,0.9074087988364198,0.9354798972308088,0.9165367830497936,0.932684271064036,0.9216949744019742,0.9403621395854453,0.934940335284139,0.9202497607679958,0.9222382968407862,0.9164877595213649,0.9332863146619149,0.9211188415818418,0.8888162515124316,0.9386413953913122,0.9381268413305683,0.9283160064959243,0.9006754421751701,0.8491618431553586,0.8906863541942578,0.9285846894831663,0.9142089552023128,0.8615898719152628,0.9245292584111823,0.9258933851395508,0.943029220716081,0.9312359534088148,0.923694011690056,0.9426075625939311,0.9462341721481085,0.9220876262174575,0.9383629802740612,0.9312704616583312,0.9376589226996904,0.937400248328851,0.9133644551624658,0.9062324915742129,0.937921306536954,0.9208300215802886,0.8155664928280697,0.8489520605659914,0.924477810418497,0.9116220546675551,0.9400312976662994,0.9148018936388195,0.9007471353902599,0.9442285589862229,0.9301366766815901,0.9110885653445059,0.8989659284814405,0.9401483628435856,0.9503258446599037,0.9361453619030612,0.9312025510165267,0.9013952620691655,0.9061799371003512,0.9454691966860165,0.9257235823954719,0.9254753969652599,0.8876159965297387,0.9412233436098778,0.9225336820372405,0.9188183229072133,0.9266456860143453,0.9216826919854999,0.867571044501524,0.9293089365663292,0.8775326382454183,0.919551188389261
GSM3304958,0.8550494229577029,0.859626873189931,0.8831760062128797,0.8566217942981321,0.8895003621945032,0.8771082195110143,0.8480712051412286,0.8321575810004243,0.8510980445718204,1.0,0.8492391490779229,0.8655759461492721,0.8356780420538181,0.8467667375152848,0.8941431027342125,0.9142490117932403,0.7242208947281725,0.8946342326554283,0.8808331309635109,0.8850496601985225,0.823018824584945,0.8720364185420434,0.8503861209752852,0.8952939908567916,0.8917212196632671,0.8251819397977199,0.8139936186957559,0.8840370903288082,0.8390845407419236,0.8213358384390812,0.788518753539841,0.8753325887231089,0.8739165371123068,0.8340807489544129,0.8962316377397466,0.871153044304313,0.8619750160812859,0.8610823622085733,0.8418199178769723,0.8958779449680702,0.8847447963938431,0.8605270205711166,0.8602291040054255,0.8465609378583842,0.8526719706698999,0.843395152874991,0.8879324768048137,0.8999437991734633,0.8664776754602277,0.8850192494394824,0.8256953475550303,0.880302578029439,0.8167955096898298,0.8970591652211621,0.8921141211795413,0.8436977752973014,0.8655155418427715,0.8588688973784835,0.8453517280030307,0.8749527100732304,0.8258052363828308,0.8908687658675009,0.8350039960606699,0.8897148496024165,0.8647706130053144,0.8429999011553495,0.8551941507441758,0.8825222584998269,0.8527648113090063,0.7797567729953725,0.8453174334640846,0.9049020632215297,0.8492156268680807,0.8053184495008098,0.8897335955930464,0.8686970708193792,0.8393367395013749,0.8546061969476954,0.9079811782542295,0.8609438902601286,0.869321661881837,0.8274506925970225,0.8629728841888539,0.8841281976782298,0.864009345088107,0.8727933577213924,0.8668412470781068,0.9104357121027326,0.9115148581489974,0.8631384949004872,0.8521996924184843,0.9045443863744016,0.8803743075108327,0.8654181938785555,0.893639454339769,0.8908862812057239,0.7430309430916403,0.9114141910118135
GSM3304961,0.9355211299366457,0.95100480812753,0.9533792600965041,0.9462998059639681,0.9523116359621004,0.9282481001113246,0.9421027875090126,0.9412550066386481,0.943956693597686,0.8492391490779229,1.0,0.9542202578594091,0.9296582781269657,0.9230934336086576,0.9201288508765922,0.9038278779506496,0.8667978974648229,0.8810058374524763,0.9362416343626485,0.8920512609297647,0.9330176387147974,0.9279959374470056,0.9217397723372698,0.9246213447299418,0.9146725917865421,0.9486533608557512,0.9300472907668359,0.9282171719279844,0.9356007865043107,0.9375133454490395,0.9259250031115246,0.92924840418478,0.9164912966124126,0.9342664518598881,0.9254316947991083,0.9405279226724554,0.9411233823459413,0.9293945107534002,0.9309361642473213,0.9167154320829662,0.9415475211760402,0.9142169848093612,0.8774618390598746,0.928873177389625,0.9421666139123398,0.9432290510155628,0.9069413666864244,0.855345966726733,0.9104060814336556,0.9332435078284226,0.9364217035959869,0.874058816216495,0.9249543065879294,0.9292972670548078,0.9398670410880952,0.936817370158413,0.9277425415682266,0.9342357329642634,0.9396957982824171,0.9349437918858579,0.9372930726601051,0.9227620369663561,0.9387143888538901,0.9370051336956173,0.9237619081798298,0.9233030887303596,0.9354798590153568,0.9180695649709111,0.8325970191142601,0.8812423960978201,0.9314698827581711,0.9108049497784254,0.9406776249280453,0.9258433630674774,0.9043710403770956,0.9448656519237798,0.9426974149348759,0.9167902439020192,0.8959492227274702,0.9414950919887854,0.9459363776222847,0.9216644824247453,0.935128218619414,0.9066248731648721,0.9090611610372316,0.9469185269485663,0.9369466712266138,0.9220575994295662,0.8918558851737849,0.9374644355233721,0.9365030001150906,0.9159734318213286,0.9348383119705095,0.9244711756506011,0.8721168383641112,0.9307770210302266,0.8960139712601031,0.919482683798384
GSM3304962,0.9548110310959759,0.9539663951513576,0.9525613918094081,0.9508976875318831,0.9511814951415155,0.9263863013087523,0.9391919248635092,0.9345146779626936,0.9442879443851737,0.8655759461492721,0.9542202578594091,1.0,0.9324443938034126,0.9302967397641072,0.9314687275538117,0.9224851358126852,0.8614486051147117,0.8864987125721754,0.9496515096296143,0.8974606861688725,0.9339195219587644,0.9305029242645798,0.9229613034484979,0.9336557157347551,0.9201771442253988,0.9421285594223748,0.9290372482907586,0.9265925973524047,0.9318012385235774,0.9337328180790068,0.9077516241130748,0.9337547325342461,0.920593507765353,0.9432732457585166,0.9359871892623718,0.9379648907934448,0.939236738513467,0.9293240057677556,0.9411297210476149,0.9259268667567061,0.9474011268396438,0.928508141403772,0.8806878766530318,0.9342400837446134,0.939116657429688,0.9384874579072817,0.9044503061764406,0.8644578785237059,0.9226551407491385,0.9323653358506282,0.9264507571433794,0.8790461199331352,0.9271188040725445,0.9311725061451784,0.9405233502855525,0.9382196985070652,0.9331121344070997,0.9405337219846405,0.9431330993261325,0.9311031922492021,0.9410397753297722,0.9316620403545455,0.943016155288682,0.9513286504512481,0.9278401474108211,0.9256288765927257,0.9419608649277703,0.9278949485512865,0.8316205969706375,0.8765581786897145,0.9301523182313307,0.9293020559241574,0.9713972704281637,0.926762832547862,0.909859801816793,0.9498103295752373,0.9400579459177892,0.9130683855113075,0.9040037768572123,0.9341184928771556,0.9456414919268018,0.9264253773897969,0.939161273243866,0.9039968419370613,0.9055047425730163,0.9535708706393172,0.9365637458372582,0.9431269022496763,0.9079956832407561,0.9464990044412686,0.9360505814805175,0.9220067055250449,0.9472217117304967,0.9250332101770123,0.8859657697173907,0.9374811138653396,0.8830866777455412,0.940495018853499
GSM3304963,0.928006295971398,0.922628355113071,0.941377160528326,0.9184642079710227,0.9228103883368314,0.905753017774478,0.9293872512917941,0.9282815787909535,0.9296368268014824,0.8356780420538181,0.9296582781269657,0.9324443938034126,1.0,0.9061123034363688,0.9134674670586541,0.9013403892077774,0.8640473150468834,0.8741599646994117,0.9448056889695835,0.8898910361933122,0.9299862759628289,0.9240534747023449,0.9082610558123929,0.9136531814061262,0.9035167172543532,0.9307274763117215,0.9117863008926351,0.9004188967545319,0.9400018181749226,0.9256612728435563,0.8954247562322281,0.9395455235128629,0.921659967153958,0.9333116792861319,0.9084967837064858,0.9334655165519201,0.9418684689650113,0.9185413139706174,0.9389317990950901,0.9139614618687909,0.9341821931490609,0.9139531561342571,0.886346854520043,0.9083708114244736,0.9336176808080537,0.9213260579381716,0.8907066768745964,0.8432324319494718,0.8942519152180909,0.9225960207380323,0.9262742031684204,0.8658013052045,0.9266040851845418,0.9198947723594224,0.9177978125225353,0.9230680061699654,0.9232183760888723,0.9178439754689426,0.9227666828687233,0.9426228105758669,0.9265901198359788,0.9228643262420834,0.9502626417852151,0.9349974508751828,0.9194954351810155,0.9204607328678347,0.9397315903745512,0.9180530791142287,0.8184345223072544,0.8883454526865737,0.9293199259245247,0.9122559597484108,0.9258052414230077,0.9244766008367684,0.8775556881595384,0.9409763317601305,0.9393667050694482,0.9168686096532019,0.8881571781522888,0.933336227830165,0.942524421749956,0.9158884445708142,0.9180524474080024,0.8933195579588753,0.8817495633286827,0.9318705817561665,0.9200325693117773,0.9190419110922958,0.8814077367337142,0.9244741833905495,0.930473085853854,0.9141984138445078,0.9217065567098207,0.9250217652150919,0.8703449802767521,0.9155137785781693,0.8805942170072585,0.9031755708127107
GSM3304964,0.9356090206946149,0.9417836023242525,0.9262059282236423,0.9251065185126078,0.9205756360698341,0.8950644608563616,0.9109334833515835,0.9149831776884261,0.9402595861918567,0.8467667375152848,0.9230934336086576,0.9302967397641072,0.9061123034363688,1.0,0.8906954876265613,0.8839584121727929,0.8649329530904696,0.8611847692338331,0.9196681595325711,0.8845098052501551,0.9113984163181348,0.8992872739849876,0.9038312237270052,0.9135487113427951,0.8816678918939629,0.916397119890204,0.9226763225565708,0.9007115746393763,0.9223413510053297,0.9191688480038787,0.8895069826391968,0.9160620479771571,0.9000902891168923,0.9206893707160851,0.8949272631152272,0.9162211606207857,0.9083551213503301,0.8850123788301781,0.8988820798371567,0.8930290639703327,0.9160638915179518,0.919595743818497,0.864830039154162,0.9260336214315312,0.9291797399183588,0.9148122927143288,0.8755383019604112,0.820737845585252,0.8862961563144167,0.9007284610653361,0.8994414237439552,0.8395668632079242,0.9063367765623348,0.9047973098083737,0.9272822624773287,0.9090676625894076,0.9121248980251473,0.9269374896592955,0.9268719138540613,0.8952276226372352,0.9225399555004274,0.9164764551797187,0.9124262852341545,0.9197399840694491,0.8935941025040459,0.8901207131584109,0.9199887064209648,0.9055684633689549,0.7889981770095881,0.8364510113812129,0.9062603638576318,0.8892828150988056,0.934572601384552,0.8974308490612599,0.8785000190084354,0.9240625966992775,0.9059693580879319,0.8943122411776692,0.8745143683083134,0.9076101024765832,0.9281663531733406,0.9135105590420345,0.9185540039136686,0.8687768524472628,0.8982465113929974,0.927693668273293,0.9094391935676973,0.9063731584733352,0.8673890600119898,0.9281542787856419,0.9085721473442979,0.9047369048944898,0.9151996975609445,0.903205312516974,0.8383768478957577,0.9182543677133733,0.8768448262524233,0.8993205024558325
GSM3304965,0.9098792539236236,0.9140767031955442,0.9472149186729948,0.9244080597531993,0.9404641146231468,0.9329782969256516,0.9194271792142044,0.9036655364188177,0.9116590439342337,0.8941431027342125,0.9201288508765922,0.9314687275538117,0.9134674670586541,0.8906954876265613,1.0,0.9478880144867728,0.7948769043330507,0.9120707145824409,0.937640559045796,0.9117279791653825,0.8984063338026481,0.9395915398700748,0.9067102940815315,0.9293382212919727,0.9472580256311339,0.9114301241607483,0.8746147873239031,0.9238048085503483,0.9088992503831034,0.8980143647467173,0.8755101639247177,0.9335057433647743,0.922075715348383,0.9079989100031176,0.9396991590335317,0.9326508564136488,0.9435886938022611,0.9421064629454079,0.9215776235999366,0.9430116077768854,0.9533617443717645,0.9021646696015779,0.9002093920595833,0.893441765138154,0.9211955299722969,0.9094916118441395,0.9219626572829398,0.913083574422458,0.914092078501582,0.946817138190343,0.8995145378935921,0.9054885810700524,0.8988982603733042,0.938564152614523,0.9315645840000211,0.9157412504492894,0.9295973281086687,0.9093966043762015,0.9061001696576281,0.9420707962061409,0.8943239415000883,0.9340509495255463,0.917988459490416,0.941588893944463,0.9235254284667049,0.9110813029232868,0.9161280825334659,0.9330760737742496,0.876025399204469,0.8650975409465617,0.9155060896192763,0.9527665506217247,0.907510310153547,0.896207761315015,0.9159754398691257,0.9352187596833109,0.9215457706479342,0.9134690188180397,0.9374138417876711,0.9319426130739236,0.9312381841122814,0.8991428871614051,0.9191869719622415,0.9383940400497514,0.896586218108228,0.9266791337119049,0.9182859152896242,0.9461141308203264,0.9343598799104144,0.9206583039941388,0.9195614042834928,0.9341202440294308,0.9270156262337207,0.9180319670730493,0.9287846613913006,0.9294719899403294,0.823931840728343,0.9441799914756441
GSM3304966,0.9015078249571018,0.9000827517498243,0.9306530845699929,0.9053949804784994,0.9307130045159308,0.9245563403895554,0.9001585134611209,0.8828006889120933,0.8992722703919995,0.9142490117932403,0.9038278779506496,0.9224851358126852,0.9013403892077774,0.8839584121727929,0.9478880144867728,1.0,0.7750631789421305,0.9128700367577033,0.9389311152091177,0.9038941564376078,0.8786509708502258,0.9251115294688953,0.8971168344531151,0.9324762348010076,0.9373294074215973,0.8895849017759272,0.8605459844190881,0.9093475210149975,0.8965322996061112,0.8781331302274751,0.8508413039934104,0.9219459206873936,0.9198697023437078,0.9057917552117319,0.93786371839067,0.921680448930066,0.9271970287396332,0.9235327484181647,0.9108069653632969,0.9405796892266312,0.9348959073391332,0.9032994123113285,0.8979776060592992,0.8863721879192374,0.8992627434360648,0.8950075574574298,0.9133954693457578,0.9177872827326211,0.9111455987841995,0.9307999754195209,0.8749607116302143,0.9066436528266227,0.880401950043241,0.9338330352611303,0.9299600330458145,0.9060375868329285,0.9129599969920065,0.9178233413611063,0.9057946229774412,0.9228339394857263,0.8907057861911799,0.9301779361840732,0.9026423474186294,0.943159570116791,0.9080679407259624,0.8923231216027987,0.9109742736394345,0.9227515015719506,0.8620571163286059,0.8405076109426853,0.8980531575221102,0.9481130744996005,0.8978596128500461,0.8723583366644664,0.910739408157827,0.9267560480544643,0.9040886192026397,0.9015876119133934,0.9365929639550419,0.9170700279507649,0.9177924836618356,0.8870923211567487,0.9089102356000491,0.920621041625848,0.8819291759643962,0.9298443110635366,0.9099326407831496,0.9498819998864554,0.9376623819076357,0.9126773449401201,0.9168175245996387,0.9315040807010879,0.924261292224565,0.9092209737232281,0.9257712761299762,0.9239238432176362,0.7978462828034185,0.9479144197573397
GSM3304970,0.8839733570207738,0.8698960991528732,0.8600276575584082,0.8754096133554299,0.8300082855519603,0.7963358150343945,0.8396887207663397,0.8586701810917309,0.8696051504385507,0.7242208947281725,0.8667978974648229,0.8614486051147117,0.8640473150468834,0.8649329530904696,0.7948769043330507,0.7750631789421305,1.0,0.7632598422580464,0.8494325837915254,0.7686536879667688,0.8866154426395374,0.8301768740816327,0.8293848990686012,0.8352777347517826,0.7824229189048318,0.8911687853653018,0.8906879963101897,0.8003266906001542,0.8923078908760698,0.9166398864675998,0.8615542337616618,0.8288850251471588,0.8325959387119133,0.900834339727812,0.7936699414148626,0.8588396898678207,0.844808136255991,0.8036856072184118,0.8491003699867935,0.8122946342287306,0.8369995506902899,0.8483452691523513,0.7672304303385682,0.8471761648540614,0.8739314355838129,0.859781327214795,0.7708574455861293,0.6810828351688829,0.8126235122623661,0.8221398086535956,0.8574031963915142,0.7313003290765784,0.8908272101386673,0.8235724303375336,0.8470344058742681,0.8411541773477962,0.8535556991059546,0.8526709632695024,0.8767985910494916,0.8173357352358703,0.904519423147712,0.8394613166626294,0.8816300650788621,0.8505269361477111,0.8346371529383677,0.8561405559395164,0.8918995151220638,0.84080628165203,0.6712491039942219,0.8411435287702761,0.8567956436450112,0.7942103318157704,0.8773329907903924,0.8651584947030266,0.7610238025483048,0.8829221374862121,0.8620234077433598,0.8385327860064659,0.7677910199719223,0.8325548088084586,0.8671776179410503,0.8556621167675151,0.8644269320691721,0.7564767523796494,0.8022926598990989,0.868251954825842,0.8427347447900759,0.8028179787739589,0.7582553737406428,0.8548497696276242,0.8821213420696582,0.8129059055689725,0.8426785563806624,0.8233040805883709,0.7148521275131753,0.830217316311252,0.9236885813245659,0.7742998013122072
GSM3304971,0.8676101185671604,0.8808491236415296,0.9149984939844167,0.8891079294897797,0.9132389073364593,0.9015837585578684,0.8927520170667597,0.8747506037484455,0.879259405981081,0.8946342326554283,0.8810058374524763,0.8864987125721754,0.8741599646994117,0.8611847692338331,0.9120707145824409,0.9128700367577033,0.7632598422580464,1.0,0.8999047530529798,0.8955366594908717,0.8676874575258539,0.9075099743644579,0.883935782799817,0.9005368460334083,0.9178258150951909,0.8522425825794417,0.8332774756846115,0.8924297976656616,0.8818712185014655,0.8586928467420539,0.8255923914331926,0.9063966049038299,0.9050826994085144,0.8579686708939073,0.908308653596903,0.9032424368380871,0.9001998246684866,0.8951332381568126,0.8776130820480826,0.9195421670964773,0.9110482590748744,0.8771054049299943,0.8880621163621983,0.8578938491358551,0.878968743283548,0.8812727212931202,0.9043461853088043,0.9106838533872229,0.884697590862981,0.9064597790437673,0.8621833889230016,0.9015877004091383,0.856662999506071,0.9161927920665701,0.9077424402127419,0.876010672937168,0.897400137084283,0.8816678458708748,0.8757466146435732,0.9056834281596196,0.8519551599901377,0.9099343836915771,0.8720434096451485,0.9148027537874216,0.8984313280831886,0.8742913712396887,0.8807035115325997,0.9016234045190424,0.8609091664226756,0.8278440281493933,0.8896942958900408,0.9173847788841464,0.8656244539816822,0.8426221235823008,0.9008435931845745,0.8975206580902548,0.8730603142492507,0.891627517644227,0.9275815677586445,0.8948484493470891,0.8993011161838285,0.8633647112275291,0.8799226136115188,0.9115374710177129,0.8881180424814221,0.8940422091479744,0.8949318799128917,0.9186287179937075,0.9116807729222256,0.8894419982044172,0.8720712820058707,0.9174808820715333,0.9005340179905661,0.8928423196112399,0.9112710529517031,0.8954747057882587,0.7822388264860798,0.9174286043435836
GSM3304974,0.9393394547630798,0.9416518573555299,0.9509942104818593,0.9321385988691114,0.9490987512926655,0.9289150976478207,0.9313774140198511,0.925391813852384,0.9430901897951698,0.8808331309635109,0.9362416343626485,0.9496515096296143,0.9448056889695835,0.9196681595325711,0.937640559045796,0.9389311152091177,0.8494325837915254,0.8999047530529798,1.0,0.9097444730875848,0.9351346676881525,0.9335957452545277,0.9159918509127521,0.9438677467658313,0.9384613953278867,0.9314121635440954,0.9167480403105639,0.924348780442022,0.9410083500970802,0.9272344135619163,0.8923442697391103,0.9475059042886129,0.9327664112053946,0.947991131885438,0.9447608470100429,0.9484264304778743,0.9473216965995565,0.933669342268356,0.9388253368035357,0.9374760130052824,0.9459489120310411,0.930999962434934,0.897014737894583,0.9229429600259887,0.940031186034773,0.9304986952314488,0.9136851662541701,0.8840815896358285,0.9127819360162884,0.9491812040818102,0.9162528231470844,0.8841382890257578,0.9296740917042181,0.944176654556041,0.9429669273592124,0.928259679376733,0.9328473755686656,0.9427455403422037,0.9431000357488067,0.9413087926483834,0.9347882837749083,0.9444402217471186,0.9482060781990327,0.9594453259434771,0.9358578027739943,0.9209291938919876,0.9545368817640665,0.9386088430871503,0.8461546878520129,0.8738971142703073,0.9321789570921006,0.9422540192440647,0.9353238872003979,0.919413457895681,0.9130257071835536,0.9587747883894503,0.945927748765364,0.9242402566971147,0.9249068767448981,0.9382162063623808,0.9553266052459062,0.9290400273012046,0.9276545788077295,0.9144010978901882,0.892693806810905,0.9600391777022318,0.9325925116996995,0.9482487918102338,0.923144645798586,0.9386653372036153,0.9390852474367949,0.9364818624368147,0.9467934883361423,0.9392012082973978,0.9082200090928401,0.9331126907536252,0.8625688397623678,0.9389070738632588
GSM3304977,0.8837492590533772,0.9042708147854743,0.9176460860958829,0.8954997034370156,0.9176996644081425,0.9115371678064546,0.9051224215355526,0.8921500836316439,0.9025308508914427,0.8850496601985225,0.8920512609297647,0.8974606861688725,0.8898910361933122,0.8845098052501551,0.9117279791653825,0.9038941564376078,0.7686536879667688,0.8955366594908717,0.9097444730875848,1.0,0.8694372343208282,0.9063457900585258,0.8988408602066256,0.9017589591282583,0.9126166268815002,0.8692601567373027,0.8516316038433375,0.907134074710098,0.8828885001304604,0.8661656697226081,0.8373278380933742,0.9237207481722507,0.906731193880904,0.8636633034132581,0.9097784819907361,0.9073522206912379,0.9032529297929659,0.9028343311984721,0.8838845156472227,0.9109823436540364,0.9132455314420176,0.8829705459948897,0.8971142735263989,0.8850353297463442,0.9007990386829785,0.8950464813282226,0.9099882728129077,0.8986604493643617,0.8800300103401728,0.9120545429969145,0.8767683963035565,0.8907756722366905,0.856572976435206,0.9133094221617132,0.9101231306927556,0.8885267750951956,0.9001652779053483,0.8911864062833049,0.8814354603628346,0.9119302848112754,0.8516987359467667,0.9135680452307514,0.8811037016593559,0.9040850755021576,0.9006264677177893,0.8709000448093883,0.8822227742336998,0.903265314106269,0.8704477068905323,0.8144825007632097,0.8976362624168686,0.9112534963169383,0.8841349505159148,0.855039463809908,0.9082420259308148,0.8949429647296532,0.8876885856738277,0.8964312706727903,0.9147658479475983,0.909782216332267,0.9049092370641789,0.8836345893019049,0.8860207009096612,0.9062242361531019,0.8913107601704633,0.8961246969129875,0.8900099227198166,0.9152828125414348,0.9050533537623272,0.89734104054578,0.8735238746179209,0.9172803424643278,0.8914885894184141,0.9052878151628776,0.9062817539975315,0.9113238773853491,0.7923356088134565,0.9184330603345794
GSM3304980,0.9242451884561433,0.9284073121118157,0.9413343899169642,0.9303868615347564,0.9352213513270563,0.8975445365745679,0.9292962830607535,0.9349271321684706,0.9312678535765853,0.823018824584945,0.9330176387147974,0.9339195219587644,0.9299862759628289,0.9113984163181348,0.8984063338026481,0.8786509708502258,0.8866154426395374,0.8676874575258539,0.9351346676881525,0.8694372343208282,1.0,0.9247996527670941,0.9063684450630765,0.9271205634521025,0.9014753157440233,0.9336099633794497,0.9317492888212542,0.904305737634822,0.9501852008026946,0.9459501834388666,0.917637977286054,0.9231156213808541,0.9113458696684741,0.9376436979805344,0.9053998624320985,0.9429947969425365,0.9301801920994678,0.9225318738185447,0.9269897941341964,0.9104967733605176,0.9145547336317237,0.9242084034635073,0.8657607840757917,0.9199360283169958,0.9333891154868894,0.9330130734342789,0.890678913605434,0.8249156412040026,0.8904841013907109,0.9307139064138513,0.9261298724725752,0.8261270693501169,0.9562416456321484,0.9270327209479745,0.9249864494771045,0.9062062985399314,0.9258118357060466,0.9194784764322713,0.9342457854834344,0.9241780774565224,0.9430954640962853,0.923299477936111,0.9532559317428951,0.9341334844108247,0.9307389901067332,0.9175811805160189,0.9486887232573401,0.9197951885510685,0.8124670746065131,0.892626277153028,0.9406433843965167,0.8974530862965427,0.9359924549938614,0.9287754706441016,0.8870833392665753,0.9505847546015899,0.951761700074546,0.9247041546273289,0.8730633525019268,0.9261466599723626,0.9470178280696954,0.9107831955840271,0.9159003276990375,0.8853644584084104,0.8876287403642523,0.9438691068792249,0.937070582436268,0.8989869980113115,0.8763626103545812,0.9329625053080658,0.931358652198604,0.9058789937394415,0.9345706257158057,0.9287417415569087,0.8587302858202296,0.9027496201693113,0.9077830088719532,0.8892427217943194
