,GSM2674196,GSM2674188,GSM2674189,GSM2674190,GSM2674191,GSM2674192,GSM2674193,GSM2674194,GSM2674195,GSM2674177,GSM2674178,GSM2674179,GSM2674180,GSM2674181,GSM2674182,GSM2674183,GSM2674184,GSM2674185,GSM2674186,GSM2674187,GSM2674167,GSM2674173,GSM2674157,GSM2674158,GSM2674159,GSM2674160,GSM2674161,GSM2674162,GSM2674163,GSM2674164,GSM2674165,SSP_4,SSP_3,SSP_7,SSP_8,GSM3304957,GSM3304968,GSM3304969,GSM3304972,GSM3304976,GSM3304978,GSM3304979,GSM3305004,GSM3305008,GSM3305010,GSM3305020,GSM3305021,GSM3305025,GSM3305050,GSM3305061,GSM3305068,GSM3305084,GSM3305088,CA.1,CA.2,CA.3,CA.4,CL.1,CL.2,CL.3,CL.4,CL.5,CL.6,CL.7,CL.8,CL.9,CL.10,HP.1,HP.2,HP.3,HP.4,HP.5,HP.6
GSM2674196,1.0,0.9778776774993083,0.9795913531544891,0.9252380620454242,0.9328380493970804,0.9342731799770735,0.9157658117041982,0.9624291238476745,0.9657341458671085,0.9689138225786887,0.9703222044956914,0.9752352844120817,0.9721165645987947,0.9647467072759958,0.9723990111011336,0.9262135890165158,0.9660531082360707,0.9344017504460055,0.9691763033819333,0.9432828334472584,0.9288717116191479,0.9268145012691552,0.8975317306489173,0.9014495201758428,0.9065069248302005,0.8979776197033364,0.9346136415112353,0.9346457740031129,0.8943212803827382,0.9068716303664156,0.8498997133542109,0.9134819430398678,0.9490582663143061,0.9441343730483533,0.9350513478317579,0.9435271096813346,0.9145926762306438,0.9060110239022254,0.9459609503788242,0.9298478061457475,0.895941146975857,0.9295487418520331,0.9334698687679033,0.9323987340298849,0.9407235983046072,0.9240601185368166,0.9029651180752768,0.9053240678503228,0.9445753404980881,0.9517144262958893,0.8696579459662739,0.9343435651977773,0.9515461326397592,0.7153418110394407,0.762497298195424,0.677590054636961,0.7949795229099094,0.9548976560947843,0.9493771513192026,0.9332915791289429,0.9558773116709413,0.9534021739402031,0.9509799352905168,0.9520881974859547,0.9511659350418735,0.9580946154560505,0.9550821284869987,0.9444703976752151,0.9328640837165874,0.9201050880987952,0.9324412085805462,0.9294317759874359,0.9034122483063988
GSM2674188,0.9778776774993083,1.0,0.9778940940701226,0.9285107700261163,0.9450078684288378,0.9404067118336766,0.9265296048311134,0.969624247280271,0.9597672188042771,0.9757936012723943,0.9680367179610655,0.9730894662936718,0.9713101808197928,0.9710369742516557,0.9717030359430271,0.9371553076450676,0.9722148744704,0.936619262099762,0.9679392610488529,0.9504850862233958,0.9313198093913931,0.9297855904566362,0.898894496739334,0.894305516566742,0.9089319893968876,0.8943279530568727,0.9324726411460109,0.9336524657648304,0.8909836037205803,0.9066359624265748,0.8501801079667227,0.9088696916282076,0.9469439400916645,0.9415958654180445,0.9318253741905391,0.9408311065046593,0.9185663170692588,0.9064257017768661,0.9439094267376771,0.9310842782177035,0.8992499888508668,0.9259142159898769,0.9352150099197662,0.9303124221134397,0.9374188590717881,0.924117181230298,0.905599087429962,0.9083751155853956,0.9449140714150516,0.9513996396373272,0.8685964844255207,0.9325795791346336,0.9605042277446723,0.7245739740372079,0.7676725213590365,0.6842947122557055,0.8030061307106883,0.9538181437632677,0.9433330246369254,0.9269417893366243,0.9535463931480852,0.9456079259882814,0.9505115775270443,0.9584082297544362,0.9502076119980724,0.9557019046620155,0.9592827625842257,0.9474183487620444,0.9225340302059054,0.9135050384304312,0.9265674561071955,0.9195826544436315,0.898296145672929
GSM2674189,0.9795913531544891,0.9778940940701226,1.0,0.9330372556378436,0.9401797875958927,0.9367645344771329,0.9153644558984818,0.9647728699190263,0.9571309764888135,0.968582861557202,0.9737391179518816,0.979976725696628,0.9780307446914358,0.9694954705991915,0.9750114019718835,0.917619292823351,0.967593399684015,0.9195391955123994,0.9758711615891656,0.9429980171230719,0.9289552884041944,0.924717357996994,0.8995729597728271,0.9052306056096392,0.9116277533418513,0.8871398872192863,0.9389962497172641,0.9395768343255871,0.8982053946090216,0.9076933224570788,0.8482724579047592,0.9258317212636771,0.9454749779699614,0.9421512840109635,0.9295818392661297,0.943252396206307,0.9125639168015621,0.9075354774831075,0.942024893390952,0.9275594127520154,0.8937825638086916,0.9249129542828018,0.9345701524593139,0.9338855196208741,0.9477448862220984,0.9220310775469299,0.8992343904198179,0.9019111056543218,0.946049306143916,0.9451449830688953,0.8756420183107785,0.9401179070167057,0.9558252913299418,0.7162102165314188,0.7408144651048476,0.6676308417968985,0.7907993706384852,0.958911497004824,0.957342613662308,0.9428092054024433,0.9623753426141806,0.9554937393466039,0.9642238541674559,0.9573019649168495,0.9580425371651637,0.9617789687846751,0.9595089591326591,0.950279509879243,0.932697560908516,0.9259391867757275,0.9354456782337787,0.939300762255624,0.9037450290371687
GSM2674190,0.9252380620454242,0.9285107700261163,0.9330372556378436,1.0,0.9813659707111174,0.9848916311642244,0.9791542991249647,0.9619802202561358,0.953863348402412,0.9552957733217735,0.9585032053071433,0.9555449738440639,0.958947142932931,0.9577314503763701,0.9145249085282134,0.9575584832426715,0.9558417284634412,0.9325830435550319,0.9653232956998531,0.95827523180921,0.9223979095375531,0.9172048048719423,0.8897480766431498,0.8674123747341795,0.8357039388893575,0.8550456869154989,0.910982505129644,0.907975952527212,0.8641368828563669,0.8865146435952687,0.896183055370364,0.9003586399869532,0.9110501961306087,0.9083780228144533,0.9014508999187599,0.8987996956602368,0.9150665386922774,0.9165390777880235,0.8952847057443166,0.8975816939815052,0.9157908840942295,0.9087986151501071,0.924027654109973,0.8926487358954738,0.9089489956485264,0.9051294842712337,0.9266298295006162,0.9173951886330365,0.8982050453581102,0.9098872929837646,0.8920378871559578,0.9088138622264897,0.9132898656070441,0.7284040823147463,0.7753337468716207,0.6160000019169458,0.8090357054501893,0.9128054174486254,0.9074540661851277,0.890240412623271,0.9200196661551059,0.9193947295964696,0.9253449359771968,0.9169551771272915,0.9383633449856381,0.903723447781357,0.917043301529046,0.940207239227734,0.8969386151160093,0.9190771759370856,0.9023303298922524,0.904939319725811,0.9193392459946217
GSM2674191,0.9328380493970804,0.9450078684288378,0.9401797875958927,0.9813659707111174,1.0,0.9832024049943844,0.9801882875325082,0.9704230491599666,0.955358097285238,0.9634952503736735,0.9599115135264666,0.9592547077324343,0.9631171038263217,0.9687888824562255,0.9268751958330852,0.9613433522050016,0.9650764604219488,0.9320937414709921,0.9663638695944211,0.9607459680375722,0.929954300164796,0.9235790050341179,0.8952004910522126,0.872809666586585,0.8547691405067974,0.8607828631167723,0.9181087186644963,0.918318642001136,0.8689058079585469,0.8921788889165293,0.8875205791222556,0.9022316532329236,0.9172890489006591,0.913915576358504,0.9050170452397929,0.9094810112388557,0.9206442539597807,0.9172202201714087,0.902150884297986,0.9070062269996686,0.9175428603786911,0.9108164626789272,0.929408860586627,0.9013293069972423,0.9154288786859364,0.911884622668953,0.9267135711129216,0.9195255822197542,0.9062475897312571,0.9189809736302679,0.8864842290980606,0.9142431936632165,0.9343488523588535,0.7292981436215322,0.7751775159524735,0.6236224519314306,0.8124377840279035,0.91975720301015,0.9079933004816445,0.8956869497486997,0.9292823875667902,0.9214901015788389,0.9325649565034863,0.9306391144120585,0.9425071797286902,0.9145246211420506,0.9271973279035101,0.947702012007713,0.8937455131410843,0.9126497249637184,0.9015236269775068,0.9041006499305233,0.9097409865473916
GSM2674192,0.9342731799770735,0.9404067118336766,0.9367645344771329,0.9848916311642244,0.9832024049943844,1.0,0.9805143980683717,0.9706621571254842,0.9630188125792964,0.9668710705737078,0.9635170820536142,0.9611151256601479,0.9614835285206433,0.9669184785398975,0.9211234075912202,0.9649556207992699,0.9616769982360882,0.9405162311791806,0.9661330608036979,0.9613408336405088,0.9245064971752948,0.9233353290769438,0.8933148629578518,0.8698170612106073,0.8439762763372007,0.8683691570619277,0.9151464694272363,0.9117372524946218,0.8676344455764222,0.8916525138076556,0.8938314568491036,0.8994742620317767,0.9174022894019548,0.9138533420503342,0.9092291374736361,0.9057227103368566,0.9224495960551766,0.9189838205737737,0.9026870622473264,0.9052066522957053,0.9225080656029563,0.9170159239096191,0.9312729673407765,0.899643968350998,0.9103061477780504,0.913054803145515,0.9343955039782448,0.926733631624547,0.9048035729350015,0.9208691192068749,0.8904547247900628,0.9116951327220599,0.9228139314685819,0.7333352096039888,0.793487082834519,0.6295511162822632,0.8195966907853617,0.918103947839952,0.908719215792699,0.8889398614599756,0.9236422509612382,0.9211367989736208,0.9252874713892382,0.9241505005988124,0.9405880958861805,0.9105869350749004,0.9224335692090874,0.9432686466025757,0.8983311579787915,0.9156424931405035,0.9038930625458305,0.903166432620731,0.9219951976216509
GSM2674193,0.9157658117041982,0.9265296048311134,0.9153644558984818,0.9791542991249647,0.9801882875325082,0.9805143980683717,1.0,0.9558864233368364,0.9457038667337692,0.9514166094901422,0.9485076718852273,0.9425203671352183,0.9450396838114231,0.9492131682622573,0.9080665846765151,0.9662937276417669,0.9546977988771795,0.9381334925364646,0.9521110150759678,0.9606703089353994,0.9236507419255877,0.9189753273068894,0.8898747419163618,0.8605898530082604,0.8294600751685413,0.8534556333058329,0.9013510843992039,0.9029085493445358,0.8551806411152927,0.8803796846750687,0.8987707881251359,0.8856218743583832,0.9047690315223578,0.8952679273718435,0.8943404814138831,0.8909432716978974,0.9173387204904895,0.9134370694522229,0.8887882621255151,0.8922352087581644,0.9198423024774876,0.8989195279046049,0.9234762549035612,0.889136108689495,0.8934319632474137,0.9007947733117618,0.9293942900192705,0.9129669553405874,0.894667340522039,0.9091198017732297,0.8781486625973091,0.8985634175928413,0.9093867910997855,0.7345576122274081,0.7893820339206036,0.6255273194490817,0.8162029957645455,0.9036330117782038,0.8903535987140676,0.8756593844094064,0.9082834272849037,0.9088554265636011,0.9144687454245962,0.9117988111109719,0.9286171372456212,0.8925259824301456,0.9142357079623795,0.9381038351922181,0.8852918549797707,0.9087636046222212,0.8879708896453959,0.8827283407445623,0.9092706236184318
GSM2674194,0.9624291238476745,0.969624247280271,0.9647728699190263,0.9619802202561358,0.9704230491599666,0.9706621571254842,0.9558864233368364,1.0,0.9754742312056834,0.9843451196208146,0.9801828301053317,0.9794607930856469,0.9821668837281189,0.9838216369263683,0.9606494878694659,0.9533243030076191,0.9746809995994572,0.9357943928699517,0.977370005096723,0.9581842480898957,0.9390236661595265,0.940799783135666,0.9146846150270463,0.8922812938822077,0.8968153504216904,0.893307665018651,0.943461196866723,0.9412828033138912,0.8933980554570145,0.9137024645025631,0.8747567642107328,0.9162869647248323,0.9402984203410949,0.939122039359122,0.9293923642553438,0.9266050435635863,0.9330669143128115,0.9256129162330197,0.9271752426410473,0.9298376133928189,0.9219439571387047,0.9250350643580579,0.9445383854933486,0.9250314585333089,0.9354868957495117,0.9323186175957687,0.9319453742880394,0.9255328814422604,0.931087942434073,0.9452919938324491,0.8894895752882005,0.933352198366302,0.952432386503738,0.7422472892241133,0.7866618631893441,0.6593540592641675,0.824858838652783,0.9475712139605775,0.9347093554929339,0.9163363906888616,0.9507227418471285,0.9466980709617893,0.9479316890390718,0.9555899457781062,0.9547300355076823,0.9452047752600414,0.9540010729215492,0.9577279763537943,0.9237009534018565,0.9190593845376371,0.9254099313614407,0.9268740068140418,0.9219574801300201
GSM2674195,0.9657341458671085,0.9597672188042771,0.9571309764888135,0.953863348402412,0.955358097285238,0.9630188125792964,0.9457038667337692,0.9754742312056834,1.0,0.9753877685880359,0.9719639284721073,0.9730540562953198,0.9740627833669351,0.9715574505313536,0.9509994736457741,0.9467132590391681,0.9648336129797509,0.9443840400907029,0.9730286650014549,0.9487559404165162,0.9339030889057763,0.9371478249259304,0.9113327617187233,0.889713241908552,0.8845203449293736,0.9078958451486283,0.9388656374300244,0.9319968390941983,0.8912106902401351,0.9125253479739085,0.8745633897605956,0.9093655746715058,0.9423309085293028,0.941300669537439,0.9382618909116248,0.9261919186299677,0.9301772181134651,0.924164138037704,0.9328945305597164,0.9281448428764618,0.9221372041763934,0.9335536424169163,0.9440145412843701,0.9259202941351639,0.9278315723901464,0.9349104399450342,0.9337711569071748,0.9254559255933359,0.9282501986702747,0.9494653174868407,0.8861006147593646,0.9286652905539285,0.9367195512457616,0.7439895354712776,0.8112438662229041,0.6809635948526576,0.833315907928329,0.9405551253268442,0.9316314508702124,0.9017585044853034,0.9456858199848653,0.9486093817669942,0.9357183173678844,0.943765500288539,0.9506936895339387,0.9401895399407217,0.9448245891085699,0.9475702719035783,0.9299848430352226,0.9241432872817712,0.924497585355066,0.9242685038630197,0.9339511998960335
GSM2674177,0.9689138225786887,0.9757936012723943,0.968582861557202,0.9552957733217735,0.9634952503736735,0.9668710705737078,0.9514166094901422,0.9843451196208146,0.9753877685880359,1.0,0.9811245206093869,0.9817124454336846,0.9757709668194854,0.9800807670522703,0.9578815454543397,0.9603163406657075,0.9778112764258378,0.9471480803719046,0.9745163624404072,0.9667618753279256,0.9345228534024691,0.9387574258359531,0.907418264060126,0.8961940620500265,0.8882550116255742,0.9015986219115774,0.9390267843659297,0.9389570533908939,0.8953717438300198,0.9151557389575692,0.8873553618735153,0.9135889447650839,0.9426089912146377,0.9385685324554024,0.9330913178634109,0.9352344346998707,0.9351779187176072,0.9243476720006539,0.9372240784409958,0.9316259948455392,0.9232988094666308,0.9357209571771244,0.947184526107845,0.9275042240126664,0.9332963998141334,0.9344786983326873,0.9349931622908814,0.9305100496380428,0.9405371134251761,0.9530574780168939,0.8889368788104786,0.9325641913882818,0.9544712396270557,0.7467763516594338,0.8005801489731518,0.6760629937473663,0.831191621243736,0.9534475394033984,0.9408569703868944,0.9158382078660523,0.9515471712375709,0.9444399070397512,0.9448477775778611,0.9535204537460208,0.955638711748413,0.945262129271112,0.9526468367563591,0.9591043483212582,0.9252609812837912,0.9227105302286637,0.925691949371436,0.9197062659096337,0.9252028409543178
GSM2674178,0.9703222044956914,0.9680367179610655,0.9737391179518816,0.9585032053071433,0.9599115135264666,0.9635170820536142,0.9485076718852273,0.9801828301053317,0.9719639284721073,0.9811245206093869,1.0,0.9824408967190456,0.9826689038218395,0.9794040521341358,0.9683176148629904,0.9471195688396632,0.9796796013023059,0.9379101777732509,0.980495809423143,0.9614720410474145,0.9409903586034905,0.9407656425131665,0.9130213557571687,0.9071235433520305,0.8992756839909818,0.8939804219235986,0.9421106786878883,0.9465236569748421,0.8969721941132703,0.9132892385666256,0.8810420450389517,0.9294915324975748,0.9485796060768752,0.9410837447500916,0.934781217648924,0.935299539098371,0.9309027828263216,0.9274805498686559,0.9325067375123556,0.9289351008224638,0.9193073825404101,0.9296344264116906,0.9480770200620598,0.9338710458096752,0.943158994273262,0.9271786419333922,0.9285125439552647,0.9223092752209644,0.9406568289083899,0.9500775232862689,0.8925272555276008,0.9365678668334676,0.9495220245297994,0.7342501381875329,0.773393523915202,0.6518947353882005,0.8145014009850211,0.9493392368973453,0.9458481027275166,0.9352313411642721,0.9539007463110442,0.9587460479951866,0.9597340941352359,0.9531309785727345,0.9583450202758349,0.9499115140704613,0.9567586312469684,0.9607187602369904,0.9367286159554069,0.9341626050877642,0.9407903637307463,0.9416496580427359,0.9280094947609984
GSM2674179,0.9752352844120817,0.9730894662936718,0.979976725696628,0.9555449738440639,0.9592547077324343,0.9611151256601479,0.9425203671352183,0.9794607930856469,0.9730540562953198,0.9817124454336846,0.9824408967190456,1.0,0.9852273886031785,0.9776149285087344,0.969262487133349,0.9433397099943273,0.9762253939711972,0.9363907822981644,0.983372133411314,0.9595731621081023,0.9431485839114669,0.9415327940528808,0.9155587468126951,0.911030765828838,0.9052598385751833,0.8972126109179888,0.9511846776366788,0.9493055800832418,0.9087399090762323,0.9212806850096835,0.8810068814780859,0.9312039093629871,0.9475394586481992,0.9438816237290828,0.9335475396615628,0.9410980448331056,0.9316501267688111,0.9270542817625776,0.9408029452006642,0.9357340208044602,0.9153656722000781,0.9338218287302799,0.9469935529806611,0.93501564930978,0.9499597035622473,0.9363643312805927,0.9243330240250585,0.9205668936819339,0.9465130586555281,0.9504837046086339,0.8936665806129487,0.9445810348710063,0.9545993896321469,0.7461124986566456,0.7745392947783751,0.6723411077593666,0.8240545999693342,0.9587606267456524,0.9546609064770918,0.9385876716273205,0.9629264488685899,0.9592990363426643,0.9617339392430889,0.9607167136424414,0.9674556274079865,0.9571766228888655,0.9626084689586587,0.9643270397973509,0.9378542078948222,0.9372356089500913,0.9362522752319224,0.9384809275706595,0.9246651282688889
GSM2674180,0.9721165645987947,0.9713101808197928,0.9780307446914358,0.958947142932931,0.9631171038263217,0.9614835285206433,0.9450396838114231,0.9821668837281189,0.9740627833669351,0.9757709668194854,0.9826689038218395,0.9852273886031785,1.0,0.9815914141926222,0.9717602007762906,0.9406015013267434,0.9755597100943167,0.9303660894404808,0.9863828063031822,0.9556945802324845,0.9426804601396448,0.937415634352443,0.9166550954003121,0.903039372575991,0.9067973718293634,0.8884899798433038,0.9491569245864863,0.9477449846789292,0.9003395191745754,0.915237436415902,0.8668525412930171,0.9286335152807268,0.9468520096881946,0.9451425869473514,0.9335141168667179,0.9365579898204581,0.9273123163103413,0.9251126131511118,0.9324945636573613,0.9315715328899876,0.9152300360855469,0.9256556717315809,0.944015201189746,0.9329100639510587,0.9464820665533794,0.9315933157970504,0.9231238435725777,0.918383764969,0.9366261023785536,0.9454033714947265,0.8900848223112762,0.9410141427777442,0.953243416996792,0.7311375288654537,0.7632253247818258,0.6526183932046639,0.8111504545662049,0.95124390609331,0.9459812826558187,0.9313608752214328,0.960379370226336,0.9595131204204671,0.9613192986893904,0.9599068700536325,0.9626891949902496,0.9569425535984001,0.9594980442396546,0.9594356713376622,0.9324898927639326,0.9292565095987844,0.9327567006651006,0.9419195469839717,0.9199248162755225
GSM2674181,0.9647467072759958,0.9710369742516557,0.9694954705991915,0.9577314503763701,0.9687888824562255,0.9669184785398975,0.9492131682622573,0.9838216369263683,0.9715574505313536,0.9800807670522703,0.9794040521341358,0.9776149285087344,0.9815914141926222,1.0,0.9604505447968374,0.9458419941909786,0.9769822130708705,0.9273345877523463,0.9775490166383278,0.9527220351417439,0.9319133678944538,0.928974446162041,0.9066743880442929,0.8920457959599921,0.8992357262986184,0.8856658892661893,0.9383314252656475,0.9397945714328635,0.8882677493696901,0.9061610327814634,0.8607566005371045,0.9200239899068996,0.9443501610240115,0.9419661491954935,0.9314652478825713,0.93122489068424,0.9236622486859968,0.9192178166359015,0.9238990757284933,0.9272221165958514,0.9136130810946455,0.9261943166675297,0.937924635648921,0.922368895064342,0.9381403073603748,0.9229730855026208,0.9226823569923479,0.9250310055302888,0.9261934299873213,0.9420655983801027,0.8885266036861106,0.9304224124846824,0.9561661680381883,0.7196252178125029,0.7672169363746523,0.6379107267461434,0.8046844543560561,0.9399432929466606,0.9316481114545012,0.9188803282926223,0.9515154956801398,0.9437163440468623,0.9514345830769683,0.9514326415707711,0.9535981823742226,0.9454664057211631,0.9477799477480938,0.953026326090116,0.9162421393523771,0.9149781152646875,0.9250154940930915,0.9320501982460031,0.9132211248986752
GSM2674182,0.9723990111011336,0.9717030359430271,0.9750114019718835,0.9145249085282134,0.9268751958330852,0.9211234075912202,0.9080665846765151,0.9606494878694659,0.9509994736457741,0.9578815454543397,0.9683176148629904,0.969262487133349,0.9717602007762906,0.9604505447968374,1.0,0.9060961947647075,0.9620024399766933,0.9156702579833407,0.9661105227480383,0.9303974169617669,0.9309426148621263,0.9255646353355705,0.9048300318485559,0.8978507775987631,0.9223648251048938,0.8865778654258374,0.9376296785251638,0.9392620849824455,0.8917955779271334,0.9012561870056823,0.828091373485695,0.9143234824340578,0.9452682946311172,0.9384982191709664,0.9260629146605408,0.9304059210787256,0.9078690429365187,0.9043642635367274,0.9321706527545484,0.9200777452327356,0.8860049462044143,0.9067026605491243,0.9307127949134802,0.9319835854608055,0.943258529292173,0.9147790209204907,0.8918041759676347,0.8894417333742609,0.9384764473072361,0.9399863677631806,0.8575482874428875,0.9308278196528752,0.9475597345821114,0.7136628307188718,0.738641864707543,0.6658388718850695,0.7872306910824706,0.946269460040333,0.9437247224630888,0.9367805077851464,0.9486809895177339,0.957046947545562,0.956870317680822,0.9544232966169289,0.9448639464191194,0.9553386351013665,0.9609172230903059,0.9428879690393737,0.9314708863265322,0.9181499321273263,0.9346302558791777,0.9353205375533542,0.8936017070587488
GSM2674183,0.9262135890165158,0.9371553076450676,0.917619292823351,0.9575584832426715,0.9613433522050016,0.9649556207992699,0.9662937276417669,0.9533243030076191,0.9467132590391681,0.9603163406657075,0.9471195688396632,0.9433397099943273,0.9406015013267434,0.9458419941909786,0.9060961947647075,1.0,0.960070315101506,0.9629832580016358,0.9506988243301567,0.977830551088402,0.9204310778537315,0.9212003449867362,0.8872656955906361,0.8669641735482817,0.8304266607177513,0.8683859142422459,0.9071541308209554,0.9060908352587601,0.8661179540450021,0.8907417640045581,0.9229205113771489,0.8763835544874119,0.9113273257929152,0.9033253137905892,0.9006773285696166,0.9040039509829573,0.9210787545996634,0.910717440871285,0.9054795857346216,0.9034848154963429,0.9231769857615509,0.9109445104006728,0.9277750133554513,0.8963944579172165,0.888122299857266,0.9043601360304735,0.9361391325690309,0.9168092342374238,0.9053387955311705,0.9208788047340207,0.8722843798202142,0.9027881915093231,0.9166077489786143,0.7435618530732164,0.817078567749835,0.6495729243513382,0.8260990303841592,0.9141062867758514,0.8921726809734339,0.8696824739697087,0.9136975915768883,0.9070040332637576,0.9049001758773566,0.9211343141630738,0.9329037084690414,0.8950011231867568,0.9127461724546039,0.9359571485985332,0.8861359619266763,0.907769602923397,0.8786933242555297,0.8647449215150209,0.9095848186635861
GSM2674184,0.9660531082360707,0.9722148744704,0.967593399684015,0.9558417284634412,0.9650764604219488,0.9616769982360882,0.9546977988771795,0.9746809995994572,0.9648336129797509,0.9778112764258378,0.9796796013023059,0.9762253939711972,0.9755597100943167,0.9769822130708705,0.9620024399766933,0.960070315101506,1.0,0.9423895794301635,0.9762199919925931,0.9701413415504392,0.9413488257225343,0.937849760104318,0.9122629854723632,0.9023940029257781,0.896079297850453,0.8937730764320604,0.938560469745965,0.9470240052460663,0.8947159991069807,0.9142984247923972,0.8902756092147442,0.9218577543541054,0.9486394792984735,0.9371362894252486,0.9333495247810295,0.9392819962268673,0.932699491415554,0.9244384515508375,0.9357712683912506,0.9311290419738851,0.9225870909171715,0.9323159143536269,0.9453262781452693,0.934579687051713,0.9336015308232856,0.9257598571474955,0.9326450768193338,0.9218366805007698,0.9412139762024891,0.9526298473954973,0.886979397902787,0.9350522808718761,0.9575258282631258,0.7380353596530359,0.781400630825229,0.6589577038186609,0.8209204850769225,0.9479465534695055,0.9371752394356095,0.9261480148843465,0.9552034780962934,0.9457884537131761,0.9559293751692842,0.9535090122075335,0.9599272870164222,0.9435834985437977,0.956979619787411,0.9614472914816001,0.9220960952607921,0.9257588699287882,0.9233801907764413,0.9207232716761832,0.9160374350339305
GSM2674185,0.9344017504460055,0.936619262099762,0.9195391955123994,0.9325830435550319,0.9320937414709921,0.9405162311791806,0.9381334925364646,0.9357943928699517,0.9443840400907029,0.9471480803719046,0.9379101777732509,0.9363907822981644,0.9303660894404808,0.9273345877523463,0.9156702579833407,0.9629832580016358,0.9423895794301635,1.0,0.9435664936560104,0.9639191189458183,0.9094168713263627,0.9166003017582693,0.8762438623722045,0.8619709634709128,0.8335430258992947,0.875845658245232,0.8992149889742751,0.892170767241218,0.865553869594477,0.8813878624899778,0.9027171917382099,0.8690877952641309,0.9166989398542812,0.9085164289832881,0.9058503183462328,0.900084149465765,0.906340377141501,0.8978353141393237,0.9120657413060039,0.8979759599346376,0.8999207502477213,0.907163547216567,0.9209054926365958,0.8953757725039696,0.8955982364225887,0.8992504586066223,0.9117407467872344,0.900694608497121,0.9084852761178268,0.9183811376387256,0.860735680887342,0.8980143617650175,0.9023721473370225,0.7292722165162185,0.8112943085103435,0.6730999172816784,0.8091106718372454,0.9077899539354051,0.8945937097156135,0.8727932178686298,0.9043392130677111,0.9162182662075153,0.8991367923848594,0.9097032191730279,0.923988989232935,0.8974369678404889,0.9123032633827168,0.9204329413884796,0.8995951307260284,0.9189805522111787,0.8996579721358797,0.8735265070667799,0.903705872538577
GSM2674186,0.9691763033819333,0.9679392610488529,0.9758711615891656,0.9653232956998531,0.9663638695944211,0.9661330608036979,0.9521110150759678,0.977370005096723,0.9730286650014549,0.9745163624404072,0.980495809423143,0.983372133411314,0.9863828063031822,0.9775490166383278,0.9661105227480383,0.9506988243301567,0.9762199919925931,0.9435664936560104,1.0,0.9647967416448199,0.9477077359767623,0.9423206099978141,0.9202585998568369,0.9081721362299612,0.8982605081046247,0.8896928975667168,0.9501293092214932,0.9463069304926162,0.9038828862916407,0.9203953815293766,0.8881900286926877,0.9298495502910281,0.9463685498362516,0.9436690036769108,0.9331678942744747,0.940102885566649,0.9318652027808241,0.9302342490297572,0.9378823507398869,0.9320249522547853,0.9204645184559499,0.928716953681774,0.9487942171480256,0.9366607035411477,0.9449207954958989,0.930291170975966,0.929850950850627,0.919992880375475,0.9396755066393645,0.9440499191852761,0.893799931320866,0.9447275012921371,0.948209105513288,0.7450451160399235,0.777470346032639,0.662344318053469,0.8215412869014438,0.9529532606470967,0.9486943018409172,0.9322508412132791,0.961225326760261,0.9612578341677546,0.9614163277387293,0.9611391936480463,0.968541475111612,0.9501627552956828,0.956847381733893,0.9608953500972585,0.9354823614179325,0.942589960548983,0.9301011381443698,0.9353471624150659,0.9301927686440594
GSM2674187,0.9432828334472584,0.9504850862233958,0.9429980171230719,0.95827523180921,0.9607459680375722,0.9613408336405088,0.9606703089353994,0.9581842480898957,0.9487559404165162,0.9667618753279256,0.9614720410474145,0.9595731621081023,0.9556945802324845,0.9527220351417439,0.9303974169617669,0.977830551088402,0.9701413415504392,0.9639191189458183,0.9647967416448199,1.0,0.9285199992317207,0.9289997489988127,0.8936679734753448,0.8862279485572736,0.8491214632708727,0.8735069418817464,0.9195302510701664,0.9207777431786957,0.8812424505635359,0.9013149665784564,0.9262598853001195,0.8959712494547493,0.9212126012360342,0.9125928970790941,0.9074911409824163,0.920384164181582,0.924945763095969,0.91681607907159,0.9198098191941536,0.9126198623239211,0.9228594265639356,0.9184406474849902,0.9381534337911425,0.9120320265530565,0.9113074002694644,0.9123448722575881,0.9334361741359077,0.9164357890796632,0.9247153293975552,0.9302209242055215,0.8812612712678317,0.9193553366380428,0.9293341077279261,0.744053980974867,0.7976485776055363,0.6547172731788997,0.8208539317435053,0.9314393479604206,0.9169156102087697,0.899140456402449,0.9307407369576304,0.9262756177254431,0.9298909290946321,0.9339642409728844,0.9476188422522935,0.9163517463708976,0.9311112138332696,0.9480519168666528,0.9044811850016063,0.9282434535353141,0.8999415692706384,0.8881471137228838,0.9135298649572295
GSM2674167,0.9288717116191479,0.9313198093913931,0.9289552884041944,0.9223979095375531,0.929954300164796,0.9245064971752948,0.9236507419255877,0.9390236661595265,0.9339030889057763,0.9345228534024691,0.9409903586034905,0.9431485839114669,0.9426804601396448,0.9319133678944538,0.9309426148621263,0.9204310778537315,0.9413488257225343,0.9094168713263627,0.9477077359767623,0.9285199992317207,1.0,0.9676406675544889,0.9622137327417776,0.9388522164349278,0.9393355954110253,0.9041415771501754,0.9730742450366003,0.9720549168020131,0.9398914745385172,0.9531777293502082,0.9131265774794035,0.9365409115165965,0.9345994184775521,0.9328007850520329,0.9220444980174684,0.9309290025744243,0.9265829214163931,0.9300141532323124,0.9339823499840967,0.9456392979645024,0.9133642309441647,0.892764545837895,0.9478542695027028,0.9481634528130147,0.9335930936454869,0.9352092640683537,0.9204314741105876,0.8749195550571116,0.9458843739015005,0.932846303962333,0.8682112980739676,0.9501186285465272,0.9184556800391177,0.8111538415065824,0.7910488304968739,0.7131333620854431,0.8631353030792297,0.9449051960157333,0.9367787190468891,0.9276585778248099,0.9497022064382591,0.953705330042599,0.9519365878701517,0.952437689368433,0.9566267188613252,0.9391843712240909,0.9508976528558191,0.9567253430813898,0.9493138822286925,0.937251617259947,0.9134589560561778,0.9146747379477769,0.9209527135729066
GSM2674173,0.9268145012691552,0.9297855904566362,0.924717357996994,0.9172048048719423,0.9235790050341179,0.9233353290769438,0.9189753273068894,0.940799783135666,0.9371478249259304,0.9387574258359531,0.9407656425131665,0.9415327940528808,0.937415634352443,0.928974446162041,0.9255646353355705,0.9212003449867362,0.937849760104318,0.9166003017582693,0.9423206099978141,0.9289997489988127,0.9676406675544889,1.0,0.9569045068553329,0.9321174965184563,0.9288804998810513,0.9190223237267291,0.9621487533538008,0.9522068834544979,0.936410940399719,0.9455530893379803,0.9079184143133556,0.9337932215406926,0.9400243652364199,0.9411556727740383,0.9363237488393025,0.9197034127376884,0.9280714546202693,0.9296183942151067,0.9304195519302693,0.9455032568799256,0.9131368319976906,0.9028945126781316,0.9474584624966957,0.9421289322949745,0.9331125959797458,0.9353743334137421,0.921654931455084,0.8833485633131649,0.938904950650069,0.933218137108286,0.8791281099127805,0.9479114539489247,0.9092896817598977,0.8244367796410988,0.8229913442514826,0.7358124175288775,0.8799611610703241,0.9382417723120706,0.9291985414238211,0.9070294246625341,0.9369115027901167,0.946090074245712,0.9363040902884144,0.940247889651779,0.9463098338399426,0.928912953286649,0.9417567064481184,0.9520601157823003,0.949237497839094,0.940833321371987,0.9083530597589355,0.9153717338631914,0.9419410751434407
GSM2674157,0.8975317306489173,0.898894496739334,0.8995729597728271,0.8897480766431498,0.8952004910522126,0.8933148629578518,0.8898747419163618,0.9146846150270463,0.9113327617187233,0.907418264060126,0.9130213557571687,0.9155587468126951,0.9166550954003121,0.9066743880442929,0.9048300318485559,0.8872656955906361,0.9122629854723632,0.8762438623722045,0.9202585998568369,0.8936679734753448,0.9622137327417776,0.9569045068553329,1.0,0.9361901554375889,0.9349333561299197,0.9120380672172731,0.9656814557976888,0.948324844601688,0.9567869692498047,0.9559741134374544,0.8976755401381209,0.9317944697337986,0.9242541066428533,0.926816158243891,0.9209241339750855,0.904681190172258,0.911380919405712,0.9089489372237759,0.9179510169335906,0.936885780814704,0.8954091914557348,0.876085011135299,0.934714476772113,0.9380326746136189,0.9109085837013591,0.9294334756501733,0.903622917598061,0.8531341113022244,0.9238090991334929,0.9140522321757051,0.8523515547940811,0.9428586763514875,0.8829513507228427,0.8371169248710624,0.8036855074750328,0.7441244739398442,0.8765575812730355,0.9266765122290751,0.9187530514562224,0.895539140541164,0.9315411520142052,0.9323025460241829,0.9323717467260013,0.9282040947007846,0.938227896326154,0.9169929175283155,0.9305648031320503,0.9372669489834732,0.940811563930849,0.9239895106273133,0.8823939830038271,0.8988013617070701,0.9217721732649518
GSM2674158,0.9014495201758428,0.894305516566742,0.9052306056096392,0.8674123747341795,0.872809666586585,0.8698170612106073,0.8605898530082604,0.8922812938822077,0.889713241908552,0.8961940620500265,0.9071235433520305,0.911030765828838,0.903039372575991,0.8920457959599921,0.8978507775987631,0.8669641735482817,0.9023940029257781,0.8619709634709128,0.9081721362299612,0.8862279485572736,0.9388522164349278,0.9321174965184563,0.9361901554375889,1.0,0.9294156779725904,0.9138559939244151,0.9443113300221231,0.9416332881907397,0.9450419235207272,0.9332859309944578,0.8911644662737943,0.9446710555289033,0.927247023987452,0.9280791983651346,0.9207106512509099,0.91955628792964,0.8909407121571195,0.8902575282922481,0.9159776885290509,0.9361070855138951,0.8698109967645743,0.8922635600129998,0.9160903570575056,0.9281781404012647,0.9170748476144471,0.916334801128149,0.8745647564834236,0.845726868897624,0.9250803733566942,0.9118625204218448,0.8564816861419384,0.9365854752780268,0.885176021123013,0.8126158527615626,0.7708973265218103,0.7263222618099686,0.8461192692509051,0.9167221699017192,0.9233763794904913,0.9122471749541139,0.9278698792865184,0.9254304690885926,0.9304778912440289,0.9137799956538935,0.9305424966164212,0.9138727415853806,0.9172346607311335,0.9241867378145489,0.9365007905099106,0.9254996451472146,0.8887393457671066,0.9052890525406739,0.906331367284088
GSM2674159,0.9065069248302005,0.9089319893968876,0.9116277533418513,0.8357039388893575,0.8547691405067974,0.8439762763372007,0.8294600751685413,0.8968153504216904,0.8845203449293736,0.8882550116255742,0.8992756839909818,0.9052598385751833,0.9067973718293634,0.8992357262986184,0.9223648251048938,0.8304266607177513,0.896079297850453,0.8335430258992947,0.8982605081046247,0.8491214632708727,0.9393355954110253,0.9288804998810513,0.9349333561299197,0.9294156779725904,1.0,0.8948367222777187,0.9499615678479422,0.9542662533557659,0.9334866438770717,0.9283322192289076,0.8155024380762351,0.9276559668276243,0.9270657154216473,0.9295036731728766,0.9139066105971176,0.9090453960616854,0.8726061239991073,0.8780647818555793,0.9087684123867126,0.9365314402135357,0.8411968613573446,0.856615540359557,0.8992148325233839,0.9200195235470319,0.9288018068110154,0.9022765618279325,0.8434782495898094,0.8176684635605059,0.9203874175142015,0.9073878687286214,0.8247705420633883,0.9301447913222985,0.8983235078151255,0.7703697581587753,0.7190082979788677,0.7039556954597732,0.8095768235735777,0.9135717854859868,0.9137488933227216,0.9181904641834121,0.9248363930066252,0.9227895765528189,0.931409632152772,0.9230737863992721,0.9118785003172061,0.929800117590566,0.9285856178077815,0.915833146960772,0.930799713361241,0.8903573801609331,0.899652799267773,0.9122929787326971,0.8709810760345158
GSM2674160,0.8979776197033364,0.8943279530568727,0.8871398872192863,0.8550456869154989,0.8607828631167723,0.8683691570619277,0.8534556333058329,0.893307665018651,0.9078958451486283,0.9015986219115774,0.8939804219235986,0.8972126109179888,0.8884899798433038,0.8856658892661893,0.8865778654258374,0.8683859142422459,0.8937730764320604,0.875845658245232,0.8896928975667168,0.8735069418817464,0.9041415771501754,0.9190223237267291,0.9120380672172731,0.9138559939244151,0.8948367222777187,1.0,0.9229982566145226,0.9062820996096649,0.92172128466123,0.9238772303989936,0.8734019419869311,0.9034561428197939,0.9296420334732298,0.928577585058905,0.9404989758341342,0.9003310342454071,0.8991523685304634,0.8804296146954441,0.9212559391875589,0.9283010774343872,0.8795872990212406,0.9221148859217019,0.9151965050991736,0.918702194811905,0.8851033016676005,0.9344618158215889,0.8897595486004964,0.8711189511460564,0.915981050759972,0.9304170524873068,0.8423511254432288,0.9128783579473808,0.8671770819197783,0.8366711976566807,0.8692780303654049,0.8068669558463566,0.8834722511603762,0.9024611896163999,0.9031814947268163,0.8556723069142173,0.9019681178632086,0.9061218620424945,0.8894821607395548,0.8902974660569181,0.9038412775658544,0.8999576765563615,0.9048140285302865,0.9005409796190168,0.9272211721479708,0.903492403469482,0.8752109462832884,0.8847408646858741,0.9188888629388736
GSM2674161,0.9346136415112353,0.9324726411460109,0.9389962497172641,0.910982505129644,0.9181087186644963,0.9151464694272363,0.9013510843992039,0.943461196866723,0.9388656374300244,0.9390267843659297,0.9421106786878883,0.9511846776366788,0.9491569245864863,0.9383314252656475,0.9376296785251638,0.9071541308209554,0.938560469745965,0.8992149889742751,0.9501293092214932,0.9195302510701664,0.9730742450366003,0.9621487533538008,0.9656814557976888,0.9443113300221231,0.9499615678479422,0.9229982566145226,1.0,0.9754149980335493,0.9610894920700466,0.9651377619605621,0.9063701429312724,0.9478306694428883,0.94420725433276,0.9477155551199802,0.9347333413184387,0.936355543769636,0.9264581591302344,0.9286179166122462,0.9451513104898047,0.9533182523823166,0.9061798287652595,0.9041149277888306,0.9477683574283096,0.9517073138541686,0.9442592574682475,0.947607139356778,0.913942785064639,0.8804774315465407,0.9483663130108916,0.938018907012489,0.8747249953316206,0.9610311172464513,0.9206137734731392,0.8163763168757018,0.7889523523038898,0.731503027644241,0.8663355313552574,0.952483153487239,0.95002198685864,0.9287524824014717,0.9602279971255848,0.9576960137525435,0.9572939524932265,0.9568751430980805,0.9644832271781598,0.949710325374824,0.9539702323946605,0.9550767951040543,0.9565617494675644,0.9408733282955266,0.9164834901579836,0.9271392531659101,0.9278601159867036
GSM2674162,0.9346457740031129,0.9336524657648304,0.9395768343255871,0.907975952527212,0.918318642001136,0.9117372524946218,0.9029085493445358,0.9412828033138912,0.9319968390941983,0.9389570533908939,0.9465236569748421,0.9493055800832418,0.9477449846789292,0.9397945714328635,0.9392620849824455,0.9060908352587601,0.9470240052460663,0.892170767241218,0.9463069304926162,0.9207777431786957,0.9720549168020131,0.9522068834544979,0.948324844601688,0.9416332881907397,0.9542662533557659,0.9062820996096649,0.9754149980335493,1.0,0.9420872202974646,0.9523537973128091,0.8981789050778279,0.945330060713033,0.9379587163061253,0.9351019562164395,0.9243914041218451,0.9397243483282806,0.9211076231407572,0.9247286978429542,0.9348173286228052,0.9466073657221901,0.9037865812487009,0.8964997228520113,0.9412756379193913,0.942318143651719,0.9389230624442011,0.9356612162546494,0.9108552033629209,0.8769353749914363,0.9496174877008523,0.936629854775933,0.8704819319337871,0.9498305611646477,0.9329813073270431,0.7901706403086244,0.7605132754939676,0.6958518593434491,0.844041859569076,0.9474539728961348,0.9409692304611323,0.9392374162869549,0.9608795613785475,0.9507295458154429,0.9582573371546029,0.9531377492619666,0.9574187940815556,0.9477598078569945,0.9543780092632242,0.9587030603436899,0.9436995152174031,0.9263616925509488,0.9191226379907884,0.9208832294991768,0.9087948688210389
