,GSM2674167,GSM2674173,GSM2674157,GSM2674158,GSM2674159,GSM2674160,GSM2674161,GSM2674162,GSM2674163,GSM2674164,GSM2674165,GSM3304957,GSM3304968,GSM3304969,GSM3304972,GSM3304976,GSM3304978,GSM3304979,GSM3305004,GSM3305008,GSM3305010,GSM3305020,GSM3305021,GSM3305025,GSM3305050,GSM3305061,GSM3305068,GSM3305084,GSM3305088
GSM2674167,1.0,0.9676406675544889,0.9622137327417776,0.9388522164349278,0.9393355954110253,0.9041415771501754,0.9730742450366003,0.9720549168020131,0.9398914745385172,0.9531777293502082,0.9131265774794035,0.9309290025744243,0.9265829214163931,0.9300141532323124,0.9339823499840967,0.9456392979645024,0.9133642309441647,0.892764545837895,0.9478542695027028,0.9481634528130147,0.9335930936454869,0.9352092640683537,0.9204314741105876,0.8749195550571116,0.9458843739015005,0.932846303962333,0.8682112980739676,0.9501186285465272,0.9184556800391177
GSM2674173,0.9676406675544889,1.0,0.9569045068553329,0.9321174965184563,0.9288804998810513,0.9190223237267291,0.9621487533538008,0.9522068834544979,0.936410940399719,0.9455530893379803,0.9079184143133556,0.9197034127376884,0.9280714546202693,0.9296183942151067,0.9304195519302693,0.9455032568799256,0.9131368319976906,0.9028945126781316,0.9474584624966957,0.9421289322949745,0.9331125959797458,0.9353743334137421,0.921654931455084,0.8833485633131649,0.938904950650069,0.933218137108286,0.8791281099127805,0.9479114539489247,0.9092896817598977
GSM2674157,0.9622137327417776,0.9569045068553329,1.0,0.9361901554375889,0.9349333561299197,0.9120380672172731,0.9656814557976888,0.948324844601688,0.9567869692498047,0.9559741134374544,0.8976755401381209,0.904681190172258,0.911380919405712,0.9089489372237759,0.9179510169335906,0.936885780814704,0.8954091914557348,0.876085011135299,0.934714476772113,0.9380326746136189,0.9109085837013591,0.9294334756501733,0.903622917598061,0.8531341113022244,0.9238090991334929,0.9140522321757051,0.8523515547940811,0.9428586763514875,0.8829513507228427
GSM2674158,0.9388522164349278,0.9321174965184563,0.9361901554375889,1.0,0.9294156779725904,0.9138559939244151,0.9443113300221231,0.9416332881907397,0.9450419235207272,0.9332859309944578,0.8911644662737943,0.91955628792964,0.8909407121571195,0.8902575282922481,0.9159776885290509,0.9361070855138951,0.8698109967645743,0.8922635600129998,0.9160903570575056,0.9281781404012647,0.9170748476144471,0.916334801128149,0.8745647564834236,0.845726868897624,0.9250803733566942,0.9118625204218448,0.8564816861419384,0.9365854752780268,0.885176021123013
GSM2674159,0.9393355954110253,0.9288804998810513,0.9349333561299197,0.9294156779725904,1.0,0.8948367222777187,0.9499615678479422,0.9542662533557659,0.9334866438770717,0.9283322192289076,0.8155024380762351,0.9090453960616854,0.8726061239991073,0.8780647818555793,0.9087684123867126,0.9365314402135357,0.8411968613573446,0.856615540359557,0.8992148325233839,0.9200195235470319,0.9288018068110154,0.9022765618279325,0.8434782495898094,0.8176684635605059,0.9203874175142015,0.9073878687286214,0.8247705420633883,0.9301447913222985,0.8983235078151255
GSM2674160,0.9041415771501754,0.9190223237267291,0.9120380672172731,0.9138559939244151,0.8948367222777187,1.0,0.9229982566145226,0.9062820996096649,0.92172128466123,0.9238772303989936,0.8734019419869311,0.9003310342454071,0.8991523685304634,0.8804296146954441,0.9212559391875589,0.9283010774343872,0.8795872990212406,0.9221148859217019,0.9151965050991736,0.918702194811905,0.8851033016676005,0.9344618158215889,0.8897595486004964,0.8711189511460564,0.915981050759972,0.9304170524873068,0.8423511254432288,0.9128783579473808,0.8671770819197783
GSM2674161,0.9730742450366003,0.9621487533538008,0.9656814557976888,0.9443113300221231,0.9499615678479422,0.9229982566145226,1.0,0.9754149980335493,0.9610894920700466,0.9651377619605621,0.9063701429312724,0.936355543769636,0.9264581591302344,0.9286179166122462,0.9451513104898047,0.9533182523823166,0.9061798287652595,0.9041149277888306,0.9477683574283096,0.9517073138541686,0.9442592574682475,0.947607139356778,0.913942785064639,0.8804774315465407,0.9483663130108916,0.938018907012489,0.8747249953316206,0.9610311172464513,0.9206137734731392
GSM2674162,0.9720549168020131,0.9522068834544979,0.948324844601688,0.9416332881907397,0.9542662533557659,0.9062820996096649,0.9754149980335493,1.0,0.9420872202974646,0.9523537973128091,0.8981789050778279,0.9397243483282806,0.9211076231407572,0.9247286978429542,0.9348173286228052,0.9466073657221901,0.9037865812487009,0.8964997228520113,0.9412756379193913,0.942318143651719,0.9389230624442011,0.9356612162546494,0.9108552033629209,0.8769353749914363,0.9496174877008523,0.936629854775933,0.8704819319337871,0.9498305611646477,0.9329813073270431
GSM2674163,0.9398914745385172,0.936410940399719,0.9567869692498047,0.9450419235207272,0.9334866438770717,0.92172128466123,0.9610894920700466,0.9420872202974646,1.0,0.9526767111683488,0.9009746500819018,0.9107713853970147,0.8952043352417716,0.8914454470222211,0.920882252429292,0.9390939977758944,0.8689279291339269,0.8852542450005033,0.9189014278272277,0.9244958506683996,0.916406867999915,0.9225626026752554,0.8761123472980559,0.8433934919798722,0.9273044392061928,0.9096579355961429,0.8506137569337611,0.9423119580879369,0.8770602612445236
GSM2674164,0.9531777293502082,0.9455530893379803,0.9559741134374544,0.9332859309944578,0.9283322192289076,0.9238772303989936,0.9651377619605621,0.9523537973128091,0.9526767111683488,1.0,0.9131138617722576,0.9213948607763289,0.917264871119949,0.9082728902505633,0.9338678549215792,0.9440960821316833,0.8956292069847174,0.8921440010800672,0.9335060899928943,0.9381715191254499,0.9130434610577582,0.9375836960544177,0.9053151635506035,0.8636735824974383,0.9344404514016106,0.9264042139915998,0.8522995906691656,0.945078234931093,0.8942326664907929
GSM2674165,0.9131265774794035,0.9079184143133556,0.8976755401381209,0.8911644662737943,0.8155024380762351,0.8734019419869311,0.9063701429312724,0.8981789050778279,0.9009746500819018,0.9131138617722576,1.0,0.8791320885880425,0.8955173472257604,0.8822919243184038,0.8840650964739818,0.8899494197742701,0.8932565522242366,0.8720293940218142,0.9096557168415621,0.8836765650362811,0.8497655088034343,0.891153452128839,0.9076170886433187,0.8544103405637992,0.8936806282398604,0.8827241803126127,0.8375556386527206,0.8946486896145017,0.8414663535779042
GSM3304957,0.9309290025744243,0.9197034127376884,0.904681190172258,0.91955628792964,0.9090453960616854,0.9003310342454071,0.936355543769636,0.9397243483282806,0.9107713853970147,0.9213948607763289,0.8791320885880425,1.0,0.9031616688363111,0.890902670698287,0.9374292794995808,0.9310746796126276,0.8784773865764564,0.9197845883764747,0.9243359975969362,0.9320156517644698,0.9235474253217696,0.9149692100870231,0.8856652084502633,0.8791807534897704,0.9451298490928022,0.9382078235509079,0.8468599598450919,0.9360298010761342,0.9355800395170515
GSM3304968,0.9265829214163931,0.9280714546202693,0.911380919405712,0.8909407121571195,0.8726061239991073,0.8991523685304634,0.9264581591302344,0.9211076231407572,0.8952043352417716,0.917264871119949,0.8955173472257604,0.9031616688363111,1.0,0.9105100817577962,0.9130079711388093,0.9157739511813615,0.9123333574300246,0.9058574009764774,0.9309191609387305,0.9136820787813611,0.8859143763174196,0.923996939521248,0.923541042860891,0.8984682105442771,0.9160676362070851,0.9252360900044128,0.858330130789184,0.9160067811669692,0.8953026204480938
GSM3304969,0.9300141532323124,0.9296183942151067,0.9089489372237759,0.8902575282922481,0.8780647818555793,0.8804296146954441,0.9286179166122462,0.9247286978429542,0.8914454470222211,0.9082728902505633,0.8822919243184038,0.890902670698287,0.9105100817577962,1.0,0.8945628732637144,0.905994656617804,0.9078683304593586,0.8804034903230823,0.9239740005760542,0.9052712194084721,0.898197506456019,0.9067852133025146,0.9159493414430736,0.8907275657741996,0.8971652990122267,0.8989845762416281,0.8704319752934586,0.9127501677666462,0.8835725921382568
GSM3304972,0.9339823499840967,0.9304195519302693,0.9179510169335906,0.9159776885290509,0.9087684123867126,0.9212559391875589,0.9451513104898047,0.9348173286228052,0.920882252429292,0.9338678549215792,0.8840650964739818,0.9374292794995808,0.9130079711388093,0.8945628732637144,1.0,0.936312171644519,0.876463830917329,0.9237548358916661,0.9297164412112257,0.9413971350731296,0.9193947172886756,0.9316485252426477,0.8897531268253542,0.8755073661516498,0.9545724583124371,0.9475597285082785,0.8418544762080014,0.9421579320032499,0.9217563303124349
GSM3304976,0.9456392979645024,0.9455032568799256,0.936885780814704,0.9361070855138951,0.9365314402135357,0.9283010774343872,0.9533182523823166,0.9466073657221901,0.9390939977758944,0.9440960821316833,0.8899494197742701,0.9310746796126276,0.9157739511813615,0.905994656617804,0.936312171644519,1.0,0.8848520314812395,0.9171828158852521,0.9300158799070412,0.9347269059710409,0.9306795970326665,0.9311898338847909,0.8952045388863442,0.875523714099196,0.9364897498223058,0.9406553019799374,0.8600932172238119,0.9479364030788004,0.9160948096849895
GSM3304978,0.9133642309441647,0.9131368319976906,0.8954091914557348,0.8698109967645743,0.8411968613573446,0.8795872990212406,0.9061798287652595,0.9037865812487009,0.8689279291339269,0.8956292069847174,0.8932565522242366,0.8784773865764564,0.9123333574300246,0.9078683304593586,0.876463830917329,0.8848520314812395,1.0,0.8773303102588638,0.9266523534815486,0.891056839705783,0.8651248686004308,0.9099827572149773,0.9532335576144628,0.9046374505250359,0.8790586779801449,0.8941874592840738,0.8841249504857032,0.8835343467753333,0.8727850755312435
GSM3304979,0.892764545837895,0.9028945126781316,0.876085011135299,0.8922635600129998,0.856615540359557,0.9221148859217019,0.9041149277888306,0.8964997228520113,0.8852542450005033,0.8921440010800672,0.8720293940218142,0.9197845883764747,0.9058574009764774,0.8804034903230823,0.9237548358916661,0.9171828158852521,0.8773303102588638,1.0,0.9121897893756774,0.9069607820520879,0.8987853196267037,0.9154053090008079,0.8924174559796219,0.9042633757151088,0.9176048445609019,0.9396092310291942,0.8611144906088961,0.9124014977455364,0.9078228661031209
GSM3305004,0.9478542695027028,0.9474584624966957,0.934714476772113,0.9160903570575056,0.8992148325233839,0.9151965050991736,0.9477683574283096,0.9412756379193913,0.9189014278272277,0.9335060899928943,0.9096557168415621,0.9243359975969362,0.9309191609387305,0.9239740005760542,0.9297164412112257,0.9300158799070412,0.9266523534815486,0.9121897893756774,1.0,0.9371952150681815,0.9132696594283415,0.9323272760543421,0.9343004936335186,0.9039183599271959,0.93786856578416,0.9375777298333053,0.8726111422163859,0.9364650238008763,0.9102591260413709
GSM3305008,0.9481634528130147,0.9421289322949745,0.9380326746136189,0.9281781404012647,0.9200195235470319,0.918702194811905,0.9517073138541686,0.942318143651719,0.9244958506683996,0.9381715191254499,0.8836765650362811,0.9320156517644698,0.9136820787813611,0.9052712194084721,0.9413971350731296,0.9347269059710409,0.891056839705783,0.9069607820520879,0.9371952150681815,1.0,0.9205037294644307,0.9334657179933479,0.9011995764372762,0.8699913267309927,0.9441260694010094,0.9378038580069457,0.845696678651847,0.9462621765760438,0.9111730090587606
GSM3305010,0.9335930936454869,0.9331125959797458,0.9109085837013591,0.9170748476144471,0.9288018068110154,0.8851033016676005,0.9442592574682475,0.9389230624442011,0.916406867999915,0.9130434610577582,0.8497655088034343,0.9235474253217696,0.8859143763174196,0.898197506456019,0.9193947172886756,0.9306795970326665,0.8651248686004308,0.8987853196267037,0.9132696594283415,0.9205037294644307,1.0,0.9154879426576519,0.8706740293219127,0.8682559809266954,0.9260928470886777,0.9217069775270483,0.8787765285544932,0.9362511226227462,0.9280825209504922
GSM3305020,0.9352092640683537,0.9353743334137421,0.9294334756501733,0.916334801128149,0.9022765618279325,0.9344618158215889,0.947607139356778,0.9356612162546494,0.9225626026752554,0.9375836960544177,0.891153452128839,0.9149692100870231,0.923996939521248,0.9067852133025146,0.9316485252426477,0.9311898338847909,0.9099827572149773,0.9154053090008079,0.9323272760543421,0.9334657179933479,0.9154879426576519,1.0,0.91743059850439,0.8868457204833998,0.929088111141429,0.9334694919914857,0.8674436701524982,0.9293390730586855,0.9037907748658647
GSM3305021,0.9204314741105876,0.921654931455084,0.903622917598061,0.8745647564834236,0.8434782495898094,0.8897595486004964,0.913942785064639,0.9108552033629209,0.8761123472980559,0.9053151635506035,0.9076170886433187,0.8856652084502633,0.923541042860891,0.9159493414430736,0.8897531268253542,0.8952045388863442,0.9532335576144628,0.8924174559796219,0.9343004936335186,0.9011995764372762,0.8706740293219127,0.91743059850439,1.0,0.9063394497279607,0.8892605438114071,0.9090173463671303,0.8696886683736783,0.8940167227599735,0.8825575512676828
GSM3305025,0.8749195550571116,0.8833485633131649,0.8531341113022244,0.845726868897624,0.8176684635605059,0.8711189511460564,0.8804774315465407,0.8769353749914363,0.8433934919798722,0.8636735824974383,0.8544103405637992,0.8791807534897704,0.8984682105442771,0.8907275657741996,0.8755073661516498,0.875523714099196,0.9046374505250359,0.9042633757151088,0.9039183599271959,0.8699913267309927,0.8682559809266954,0.8868457204833998,0.9063394497279607,1.0,0.8702153602660658,0.8941615633154361,0.8705864519571543,0.8729171282886857,0.8869772459769326
GSM3305050,0.9458843739015005,0.938904950650069,0.9238090991334929,0.9250803733566942,0.9203874175142015,0.915981050759972,0.9483663130108916,0.9496174877008523,0.9273044392061928,0.9344404514016106,0.8936806282398604,0.9451298490928022,0.9160676362070851,0.8971652990122267,0.9545724583124371,0.9364897498223058,0.8790586779801449,0.9176048445609019,0.93786856578416,0.9441260694010094,0.9260928470886777,0.929088111141429,0.8892605438114071,0.8702153602660658,1.0,0.9515234198620147,0.8427999440949757,0.9457812110153487,0.9312639864334596
GSM3305061,0.932846303962333,0.933218137108286,0.9140522321757051,0.9118625204218448,0.9073878687286214,0.9304170524873068,0.938018907012489,0.936629854775933,0.9096579355961429,0.9264042139915998,0.8827241803126127,0.9382078235509079,0.9252360900044128,0.8989845762416281,0.9475597285082785,0.9406553019799374,0.8941874592840738,0.9396092310291942,0.9375777298333053,0.9378038580069457,0.9217069775270483,0.9334694919914857,0.9090173463671303,0.8941615633154361,0.9515234198620147,1.0,0.8489495728179179,0.9362947084363469,0.9377780409484402
GSM3305068,0.8682112980739676,0.8791281099127805,0.8523515547940811,0.8564816861419384,0.8247705420633883,0.8423511254432288,0.8747249953316206,0.8704819319337871,0.8506137569337611,0.8522995906691656,0.8375556386527206,0.8468599598450919,0.858330130789184,0.8704319752934586,0.8418544762080014,0.8600932172238119,0.8841249504857032,0.8611144906088961,0.8726111422163859,0.845696678651847,0.8787765285544932,0.8674436701524982,0.8696886683736783,0.8705864519571543,0.8427999440949757,0.8489495728179179,1.0,0.8616239339810168,0.8452892539993294
GSM3305084,0.9501186285465272,0.9479114539489247,0.9428586763514875,0.9365854752780268,0.9301447913222985,0.9128783579473808,0.9610311172464513,0.9498305611646477,0.9423119580879369,0.945078234931093,0.8946486896145017,0.9360298010761342,0.9160067811669692,0.9127501677666462,0.9421579320032499,0.9479364030788004,0.8835343467753333,0.9124014977455364,0.9364650238008763,0.9462621765760438,0.9362511226227462,0.9293390730586855,0.8940167227599735,0.8729171282886857,0.9457812110153487,0.9362947084363469,0.8616239339810168,1.0,0.9171512595019435
GSM3305088,0.9184556800391177,0.9092896817598977,0.8829513507228427,0.885176021123013,0.8983235078151255,0.8671770819197783,0.9206137734731392,0.9329813073270431,0.8770602612445236,0.8942326664907929,0.8414663535779042,0.9355800395170515,0.8953026204480938,0.8835725921382568,0.9217563303124349,0.9160948096849895,0.8727850755312435,0.9078228661031209,0.9102591260413709,0.9111730090587606,0.9280825209504922,0.9037907748658647,0.8825575512676828,0.8869772459769326,0.9312639864334596,0.9377780409484402,0.8452892539993294,0.9171512595019435,1.0
