,GSM2674196,GSM2674188,GSM2674189,GSM2674190,GSM2674191,GSM2674192,GSM2674193,GSM2674194,GSM2674195,GSM2674177,GSM2674178,GSM2674179,GSM2674180,GSM2674181,GSM2674182,GSM2674183,GSM2674184,GSM2674185,GSM2674186,GSM2674187,GSM2674167,GSM2674173,GSM2674157,GSM2674158,GSM2674159,GSM2674160,GSM2674161,GSM2674162,GSM2674163,GSM2674164,GSM2674165,SSP_4,SSP_3,SSP_7,SSP_8,GSM3304957,GSM3304968,GSM3304969,GSM3304972,GSM3304976,GSM3304978,GSM3304979,GSM3305004,GSM3305008,GSM3305010,GSM3305020,GSM3305021,GSM3305025,GSM3305050,GSM3305061,GSM3305068,GSM3305084,GSM3305088,CA.1,CA.2,CA.3,CA.4,CL.1,CL.2,CL.3,CL.4,CL.5,CL.6,CL.7,CL.8,CL.9,CL.10,HP.1,HP.2,HP.3,HP.4,HP.5,HP.6
GSM2674196,1.0,0.9781684201829284,0.9805588889820656,0.9334405978916823,0.9381495416078613,0.9420338075598144,0.9251237775360982,0.9651102700260955,0.9687892079411695,0.9710222424107532,0.9707428278059363,0.9765028977462239,0.9734825177349806,0.9665024602388782,0.9721298634919102,0.9358786731138549,0.9668172601573164,0.939881095656527,0.9712752108331204,0.9493677659116452,0.9305178898832345,0.9281111526339955,0.8984623821995731,0.900090744933878,0.9095519072918056,0.8934536850018912,0.9370265853713948,0.9356602413562175,0.8969222720171552,0.9084217412728254,0.8650350219085037,0.9105098616849266,0.9488416768635896,0.9417284781454316,0.9324357906745123,0.9450773792817233,0.9202726412539368,0.91293513784457,0.9483407133414377,0.9311141619784422,0.9037721745438905,0.9303746439680436,0.9360227461013712,0.9335978631397417,0.9414389225260912,0.9253364960906356,0.9117808053721619,0.9138363149428034,0.9468065250691476,0.9522369819218873,0.8788474806631578,0.9386313085843536,0.9475619398646,0.7086954694285623,0.7650511545882278,0.6727698731305827,0.8004833124374742,0.9549601107630248,0.9505381335030536,0.9341119682740965,0.9554147557717582,0.9534244173970047,0.9513106790387436,0.9530166027989928,0.9536583890724021,0.957273693621428,0.9547230458391274,0.9452639376818496,0.9324249199919196,0.9234927073475057,0.9336704000603668,0.9281391325541227,0.9062290596034819
GSM2674188,0.9781684201829284,1.0,0.9780352444975853,0.9358422760869418,0.9506442365193476,0.9478329570097788,0.935292228253669,0.9716665756827688,0.9612542590670218,0.9779076276059259,0.9681299177528488,0.9733686604445231,0.9723332119781734,0.9721293185371772,0.9709765483688293,0.9461422201365096,0.9727609419919349,0.9412800875790238,0.9693323324859512,0.9564093306522837,0.930845867143214,0.9291372130707886,0.8974662679394597,0.8908675391541501,0.910200277329966,0.8853495898110858,0.9328847034999317,0.9330059871561078,0.891581149312087,0.9059450508597172,0.8627563500267837,0.9052779733801815,0.9453469655685091,0.9380621184822783,0.9271036407715395,0.9424110455604386,0.9219711569230109,0.9116770223628761,0.945110080739702,0.9304981508512787,0.9049887960270092,0.9261940809111833,0.9357845361395163,0.9290777165612626,0.938221312350916,0.9234953912624267,0.9120708376388043,0.9162702727984213,0.9462780056833842,0.9500899555107782,0.8757449645220815,0.9348774948110774,0.9571381380461945,0.7143852352585268,0.7668190759639751,0.6731835283754228,0.8056265425789735,0.9536400363310031,0.9437657511945978,0.9277613204814542,0.9520165490875352,0.9432210262305463,0.9500071427258436,0.9587716010677605,0.9510873691884669,0.9539885201533758,0.956857369195562,0.9472799949771693,0.9197737462517281,0.9140673328563672,0.9264295566808131,0.9164625090441845,0.89728549534046
GSM2674189,0.9805588889820656,0.9780352444975853,1.0,0.941660745053776,0.9461462777988328,0.9454250449972366,0.9255439959107697,0.9672643246571426,0.9603663318056757,0.9710953229304846,0.9746493303615544,0.9810390663719191,0.9792361730271708,0.9717834447323122,0.9748388114701422,0.9279289502532961,0.9686496678599948,0.9258376304821613,0.9779649007245844,0.9490333696932312,0.9292508028416218,0.9248519801259297,0.8992393664047191,0.902039971752161,0.9124657384060916,0.8800197614039312,0.9393783515580897,0.9384202665531324,0.8982175702652053,0.9064750622982071,0.8610376746679346,0.9224970076206005,0.9449596453312509,0.9386886471554352,0.926329675673205,0.9445309491971022,0.9173382571254513,0.9140847796648208,0.9434720980525139,0.9270136302960812,0.900773166304728,0.9264769791438581,0.9368058809702993,0.9330859455230746,0.9479982090234262,0.9207292606506611,0.9073678115331126,0.9117536345735312,0.9471377440982429,0.9448767809098473,0.8852017102575465,0.9427478979492825,0.9520834711525564,0.7061771967885418,0.7408105829377453,0.6553917661984691,0.7935778855296126,0.9574580099005953,0.9566829472034291,0.9418549198535513,0.9599520815444087,0.954412801946884,0.963046896275203,0.957132796621025,0.9590256361892598,0.9588652530744667,0.9571569773661717,0.9494757495019304,0.9301899225154562,0.9274594201612596,0.9343658878530846,0.9368513040425389,0.9049464147766704
GSM2674190,0.9334405978916823,0.9358422760869418,0.941660745053776,1.0,0.9817692914311554,0.9857222561208945,0.9786650226000178,0.9642199119248528,0.9556274886769317,0.9583391230586163,0.9611229816596848,0.9592338406356737,0.9626255876786272,0.9617917823003578,0.923242592686307,0.9585387438771754,0.957863514496069,0.9340073851589652,0.9688670192997416,0.9589329717269798,0.9247234640143656,0.9178838346386029,0.8909448972773372,0.8721607933616499,0.8496245132539879,0.8522882656510529,0.9163010524058034,0.9129022374215701,0.8708270878357471,0.8891753642788581,0.898296700890294,0.9037692993323753,0.9170342187989863,0.9123285879396053,0.9038713271157515,0.9079951519638841,0.9163625306659892,0.920328959099945,0.9027904281099012,0.9019337346471227,0.914118939730754,0.9122128103185946,0.9255194999334379,0.8981695737365134,0.9179116301468382,0.9053128673271408,0.9253352007720609,0.9227829730181694,0.906216400331105,0.914172631768925,0.8978686292106718,0.9162500925359058,0.9177313992481826,0.713523922853141,0.760251358391937,0.6071126628438202,0.804385453284476,0.9170627532153717,0.9144774981447701,0.8988662241958386,0.9242727235061877,0.9238645877606333,0.9311268254291609,0.9214398423044398,0.9402987433773834,0.9100250065859534,0.9206527744627365,0.940453834404017,0.9006887241294026,0.9205605477112301,0.9095126352911159,0.9111487949439724,0.9151635535870019
GSM2674191,0.9381495416078613,0.9506442365193476,0.9461462777988328,0.9817692914311554,1.0,0.9836415661068383,0.9804872257236212,0.9721957734468492,0.9553734294807149,0.9657051768814123,0.9609285346051779,0.961161602485754,0.9651396640333377,0.971119432758395,0.933456768319413,0.9626660848239821,0.9657200888423368,0.9326028670144889,0.9682123824502448,0.9614355419988665,0.9297831248483672,0.9219976549994278,0.8942453524823645,0.8737510391788411,0.8644718620103738,0.8552010296114649,0.9211963892702738,0.9207084127769545,0.8728868512346444,0.8927861759107869,0.8902093091326413,0.9029012237975934,0.9202168828182339,0.9146515124051227,0.9041170970223641,0.9155204677621624,0.9208999280066018,0.9193483350628903,0.907438987490299,0.9086330963757585,0.9152348976501344,0.9131958273324605,0.9291974997385661,0.9029661016686847,0.9220069290764452,0.9107185642427104,0.92547175001871,0.9240230255733882,0.9119071381034195,0.9215414878306086,0.8903983222141864,0.919026268438621,0.937752656748686,0.7142150508611143,0.7609273104433385,0.6121134888506269,0.8087267611903497,0.92315906117472,0.9125226635877872,0.9017032841190301,0.9308115162175102,0.9225148503766936,0.9358478419186991,0.9331005025786722,0.9424559972678941,0.9186568768158173,0.9289743634019928,0.9468375349760042,0.8940859365651104,0.9121673244672353,0.9058313756608806,0.9068293453813976,0.9030343290000431
GSM2674192,0.9420338075598144,0.9478329570097788,0.9454250449972366,0.9857222561208945,0.9836415661068383,1.0,0.9807881689126402,0.9726768277060239,0.9645209485108897,0.970055791645309,0.9661508437390889,0.9647053772243159,0.9650728860798028,0.970714673129048,0.9293236503921868,0.9665032751252908,0.9638752793249061,0.9419933526057767,0.969510461575391,0.96317868697091,0.9269579460084177,0.9239497269282473,0.8944805004976113,0.8740550187344607,0.8575775873142698,0.8647159753138923,0.9203350605671283,0.9169198539541716,0.8747458404142529,0.8946669421933648,0.8974001322464416,0.9025558396094432,0.922851804640847,0.9174519256380208,0.9109948777333394,0.9145886173116432,0.9239228657220016,0.9227407883136276,0.909999650931425,0.9095070348459597,0.9209903779497687,0.9201129287245001,0.9321373293203574,0.9044596105087639,0.9194935872694711,0.9136314189721632,0.9334382465969593,0.9313430714127431,0.9128112954620184,0.9250176387026947,0.8962019456211211,0.9191502207425507,0.9276405744610193,0.7194570204300096,0.7790838177734406,0.6216289099881052,0.8163643399046918,0.9228248388869639,0.9161825606288061,0.8984284193929699,0.927694665876681,0.9252104127354869,0.9310188053707391,0.9289520364569812,0.9427783739259623,0.9177856737715883,0.9259712252249096,0.9436017913625816,0.9022205827881037,0.9170187021572245,0.9114444515347905,0.9088718232545928,0.9169387056920317
GSM2674193,0.9251237775360982,0.935292228253669,0.9255439959107697,0.9786650226000178,0.9804872257236212,0.9807881689126402,1.0,0.9590359886134262,0.9478074393374687,0.9553006460193088,0.9539084473782308,0.9475373298178356,0.9502351815170588,0.9542303831401089,0.9206355817987005,0.9665727491109096,0.9597883198368157,0.9397092921181819,0.9561420410336107,0.961742609385984,0.9276607368847903,0.9213930069808045,0.8934344635540148,0.8667174670697497,0.8467440359649935,0.8528899551697714,0.9075339093276729,0.9111045857910668,0.8629316306186011,0.884248923866871,0.900638035603912,0.8910246641475329,0.912790378442865,0.8990455959230566,0.8981509698370813,0.9015603829174218,0.9200853386862972,0.9177697473941664,0.8971634901291139,0.8971000801130927,0.9200579791746402,0.9028448482447966,0.9267939757105994,0.8961605879662334,0.903911069311039,0.9025483669552562,0.9297049438783848,0.9179093453031159,0.9055593210812151,0.9162747061572007,0.8830437154667065,0.9065209634940196,0.915951809800236,0.7215290426769159,0.7749137326372038,0.6199433153314353,0.813444476358218,0.9078824131829085,0.8971214447378473,0.8875973409083479,0.9126704629786726,0.9149335622977803,0.9229120537669648,0.9162044422588466,0.9299531096184472,0.8992438090250441,0.921103178358874,0.9409359702106096,0.8913649613617001,0.9109548505836628,0.8981886581070919,0.8907557566515865,0.9054549110377506
GSM2674194,0.9651102700260955,0.9716665756827688,0.9672643246571426,0.9642199119248528,0.9721957734468492,0.9726768277060239,0.9590359886134262,1.0,0.975673697178608,0.9845109213434703,0.97958213509991,0.9797638085284008,0.9821644277287114,0.9838353839946429,0.9635079207254249,0.9572145851945469,0.9743074067469024,0.9389881714961825,0.9775371263110862,0.9603903659999565,0.9390466207111866,0.9390967279471933,0.9125029286503562,0.8917085778099919,0.9026082399212041,0.8862107959219665,0.9444841239510146,0.9417709300239471,0.896000610541775,0.9136702744379581,0.882634961583937,0.9145061025228275,0.9401945381036583,0.9373774796088435,0.9257428255025181,0.9299761172500488,0.9332989045927608,0.9277216105043199,0.9304716565056151,0.9300502641175498,0.9228541920971206,0.92554422798402,0.9438657708021442,0.9255565474956886,0.9394369555258156,0.9317894140447659,0.9336123285670691,0.9290307292797553,0.9344058926760328,0.9457367350301261,0.8936416577612836,0.936481838686886,0.9517669290614216,0.7290954905519039,0.7776888351414997,0.6503027407464635,0.8235773037283585,0.9493082328174599,0.9369788302102634,0.9205001696162292,0.950563412897387,0.9466388855608774,0.9485093584547898,0.9562739321133804,0.9547935646912886,0.9463802799396386,0.9537850338750459,0.956083599567036,0.9229170321510819,0.9196127406917654,0.9287298036619154,0.9272771367980074,0.917846108278088
GSM2674195,0.9687892079411695,0.9612542590670218,0.9603663318056757,0.9556274886769317,0.9553734294807149,0.9645209485108897,0.9478074393374687,0.975673697178608,1.0,0.9748302361856898,0.9715865872790723,0.9733437672922408,0.9744785570454298,0.9711290132675998,0.9536565446218233,0.9493174387203651,0.9639146912010227,0.9456913574595578,0.9735146256014687,0.950727414852419,0.9346307105571465,0.9360813834141926,0.9104347006486736,0.8919294976384458,0.8923128153247017,0.9031359485661966,0.9410333828394183,0.9336088309724252,0.8954016436206436,0.9143974715476275,0.8832427404492935,0.907921163253876,0.9431259388049534,0.9404881525452038,0.936174483300426,0.93007029290742,0.9308511050961605,0.926282137829827,0.9368820652659591,0.929672811697952,0.9239203201546847,0.9330180415236573,0.9439758872844418,0.9283327002327713,0.9315065670480462,0.935842999890583,0.9363136330882524,0.9282496933378854,0.9321618624773877,0.9499866380416084,0.8905743486923198,0.9332562412399725,0.934299233405475,0.7341972159899921,0.8052772041270065,0.6801690043814882,0.8333010459278698,0.9420184048957301,0.9349044521952456,0.9069668650661544,0.9457214513735509,0.9497913721988631,0.937550393670518,0.9445895909976397,0.9516845599764675,0.9427836934962357,0.9455268598885856,0.9459715200096288,0.9309999115256864,0.9261700740552982,0.9282376131573096,0.9258096730460628,0.9320003451779726
GSM2674177,0.9710222424107532,0.9779076276059259,0.9710953229304846,0.9583391230586163,0.9657051768814123,0.970055791645309,0.9553006460193088,0.9845109213434703,0.9748302361856898,1.0,0.9804941528288683,0.9817886444810213,0.9765142533997111,0.9812777248094807,0.9601194727662611,0.9640659905285739,0.977743034951944,0.9486316638706055,0.9753254509532346,0.9688639565523768,0.9348152935673113,0.9372266453463215,0.9062665228991537,0.8949828945809281,0.8951049837306848,0.893562289361414,0.9407857161891984,0.9400483285625352,0.8979238172700317,0.9148746942307713,0.8943854593445438,0.9114567008113913,0.9427334847627965,0.9372367731989365,0.9297112392611828,0.9389405776462744,0.9353056767414509,0.9272525264220491,0.9394649790881557,0.9321565107284367,0.9243513397223496,0.9348279138492228,0.9464403810719724,0.9280073059876532,0.9374081799374053,0.9330652704447594,0.9364814185323026,0.9348167721694889,0.9433670378264489,0.9527789694726634,0.8937229242579018,0.9359342408819358,0.9539246122871381,0.7337648277361212,0.7917870845168197,0.6660829720439998,0.8303043270207375,0.9535739521536496,0.9430235555641421,0.9199479593787635,0.9514228641824953,0.9437975271530229,0.9460954231957877,0.9545304628765048,0.9559936700282151,0.9462291153002401,0.9516399142816896,0.957232153129334,0.9240982847001781,0.922322846877587,0.928133985479447,0.9197927557036116,0.9207724762560625
GSM2674178,0.9707428278059363,0.9681299177528488,0.9746493303615544,0.9611229816596848,0.9609285346051779,0.9661508437390889,0.9539084473782308,0.97958213509991,0.9715865872790723,0.9804941528288683,1.0,0.9815812633735104,0.982194771278974,0.9789510689818706,0.9702579527241549,0.9503382589897108,0.9798810590593229,0.9385408666715932,0.9799295193989244,0.962568385448949,0.9419209846279198,0.9402991345913668,0.9132557902096896,0.9068626861096964,0.9060002119662388,0.8881889008423957,0.9425133305941249,0.9477112292620311,0.8985628656794846,0.9125534701208595,0.8880558279547932,0.9279679048183588,0.9495860300900982,0.937712924139733,0.9325100929246878,0.9375796758732209,0.932718555259368,0.9306588748764352,0.9342828925196963,0.928253641802,0.9221598920997229,0.9293573107837364,0.9491139250879876,0.9349184632956052,0.9450278746770472,0.9254839607344745,0.9320477268624193,0.9269429500631106,0.9440568029562854,0.9508289153568189,0.8982830733730937,0.9391065716842467,0.9461966949081113,0.722639872228839,0.7671559154542549,0.6423023189393896,0.8144443138465369,0.9460663174777795,0.9443569447517105,0.937332537651859,0.9502625088163635,0.958685710182076,0.9601929201083576,0.9507958928198511,0.9561400209505627,0.9471245187164565,0.9558815989639876,0.9590577985359201,0.9363085933717311,0.934335491122416,0.9426054181944602,0.941598736235506,0.9261795223288958
GSM2674179,0.9765028977462239,0.9733686604445231,0.9810390663719191,0.9592338406356737,0.961161602485754,0.9647053772243159,0.9475373298178356,0.9797638085284008,0.9733437672922408,0.9817886444810213,0.9815812633735104,1.0,0.9851402998487305,0.9779370927999419,0.9703584211005158,0.9488288042560487,0.9755004951505529,0.9397257781730737,0.9832413343741474,0.9621980339815919,0.9418633891722997,0.9390667440434624,0.9129432996225539,0.9076689130481267,0.9083745973026575,0.8884698215494624,0.950395252564328,0.9479405283420168,0.9091056250292674,0.9189593933055129,0.8879832824345826,0.9276708611421199,0.9464798881536606,0.9399535179652195,0.9289671575438401,0.9423209795517193,0.9324336609259364,0.9301351000944529,0.9417021934341849,0.9341864182577273,0.917429021124948,0.9329531158894588,0.9458397061731207,0.9337983759595394,0.9511188090585674,0.9332473018145168,0.9271978873214965,0.9265525137683556,0.9476460670531187,0.9491239804831229,0.8996057834163199,0.9462578021081552,0.9512532064157447,0.7327575851077581,0.7673127361761739,0.660238673026849,0.8226677152684305,0.9570183325752267,0.9543702598983345,0.9397618242963662,0.9611819788856228,0.9575844274115597,0.9613366865535006,0.959989103202567,0.9668429165015802,0.9559493039749732,0.9606920490540858,0.9615815005910668,0.934980739833118,0.9361876010708757,0.9370369171779809,0.9365715925826459,0.9207200104483889
GSM2674180,0.9734825177349806,0.9723332119781734,0.9792361730271708,0.9626255876786272,0.9651396640333377,0.9650728860798028,0.9502351815170588,0.9821644277287114,0.9744785570454298,0.9765142533997111,0.982194771278974,0.9851402998487305,1.0,0.981447713499836,0.9721305222747496,0.9463963541603978,0.9751744240651976,0.9337844716507054,0.9864292406559438,0.9591509824979558,0.9418452263292333,0.9353425911779996,0.9138877969973478,0.9012278106765574,0.9101443558161072,0.881511652600482,0.9488829121587966,0.9469847211516145,0.9011748517159367,0.9147825938682459,0.8756490136037638,0.9263042702316465,0.9460255582356768,0.9417823610046174,0.9297134393208044,0.9385755885544682,0.9289535790714886,0.9279570720588632,0.9352230987951595,0.9305757841514505,0.9177103248352421,0.9263415317167898,0.944004687597544,0.9326217718928327,0.9476012075749449,0.930295558134333,0.9263513041645218,0.9246761823339846,0.9392395225026529,0.9456391687399972,0.8958774633428837,0.9429323932985082,0.9497842992716591,0.7197163166733945,0.7572811367638529,0.6427675799538327,0.8109785876471994,0.9502524745312682,0.9467602867059115,0.9329926470267199,0.958738986808367,0.9580360285860319,0.9608865286903722,0.958934347519881,0.9619977991941635,0.9559073429520258,0.9575232581311998,0.9574724928958402,0.9306260627691875,0.9297176345575512,0.933371460652856,0.9396261965540985,0.9175678169540994
GSM2674181,0.9665024602388782,0.9721293185371772,0.9717834447323122,0.9617917823003578,0.971119432758395,0.970714673129048,0.9542303831401089,0.9838353839946429,0.9711290132675998,0.9812777248094807,0.9789510689818706,0.9779370927999419,0.981447713499836,1.0,0.9612412025758554,0.950795226682594,0.9769749757371586,0.9287526390019958,0.9780333712096619,0.9559169501660604,0.9312877337829307,0.9270277844370355,0.9047613742910866,0.8910819292468285,0.9031761664466439,0.8777844378763582,0.939447161567203,0.9403011991733601,0.8905408952241097,0.9060689467218107,0.8703264668771328,0.9182010667225209,0.9437191085380692,0.938909507298267,0.9276396716580753,0.9350218553722929,0.9244004309038505,0.9219930287234184,0.9263605209384421,0.9266505682561692,0.9142972449012645,0.9271861920655591,0.9371796888600977,0.9222335858466498,0.9414274906604934,0.9217600297932409,0.9244235824257828,0.9309047015274704,0.9300089274785536,0.9428086908983132,0.8943239334072214,0.9333043290464951,0.9553080049797035,0.706679928050739,0.7578859402520416,0.6243525466549953,0.804650469297045,0.9399069294889454,0.9335207176822619,0.9219314033690021,0.9505095970817539,0.9418649145494246,0.9514929129523909,0.9507405362937118,0.9533662832994676,0.9451702354622503,0.9455713309193313,0.9521008123411938,0.9139944371948663,0.915417649562237,0.9260787524189482,0.9301814667612699,0.9084981327090658
GSM2674182,0.9721298634919102,0.9709765483688293,0.9748388114701422,0.923242592686307,0.933456768319413,0.9293236503921868,0.9206355817987005,0.9635079207254249,0.9536565446218233,0.9601194727662611,0.9702579527241549,0.9703584211005158,0.9721305222747496,0.9612412025758554,1.0,0.9166154640781043,0.9649342652829154,0.9230515994867955,0.9674344837695518,0.937617454994496,0.9328464762434326,0.9276028369947522,0.9053261626804647,0.8956864796859731,0.9229413420764077,0.8807501320904076,0.9371556616314389,0.9391651675997039,0.8928031405327049,0.9010939382456211,0.8441623956712765,0.9115189813033829,0.9445777857262446,0.932361034983344,0.9223538328658204,0.9312521927734062,0.9143057772764572,0.9120079321924865,0.9338056795046745,0.9189689895773264,0.8948716557610681,0.9088263289455077,0.9346816217970318,0.9329235004077903,0.9426795408099038,0.915018646201488,0.9018287459459241,0.8984214055229532,0.9416460177903049,0.9415253191876899,0.8664411126517569,0.934095885198095,0.9430376194547094,0.7074069967308148,0.740601031908737,0.6580902453377858,0.7921347966570588,0.9451656938720203,0.9418740791751579,0.9372289136393945,0.9455398364623289,0.956878562395796,0.9578781186385323,0.9527280893111493,0.9452162474366758,0.9505735885637867,0.9614446883352479,0.9448193165924517,0.9314899029226517,0.9219005372346853,0.9357051408515418,0.9339591966216955,0.8973140750716349
GSM2674183,0.9358786731138549,0.9461422201365096,0.9279289502532961,0.9585387438771754,0.9626660848239821,0.9665032751252908,0.9665727491109096,0.9572145851945469,0.9493174387203651,0.9640659905285739,0.9503382589897108,0.9488288042560487,0.9463963541603978,0.950795226682594,0.9166154640781043,1.0,0.9630347632998234,0.964589705033543,0.9552945028985116,0.9794602354663177,0.9255389315035141,0.9234841380078794,0.8912438514351841,0.8727661492832648,0.8478000872047622,0.8672301169638172,0.9157666963162205,0.9143226018735369,0.8751964775498405,0.8974137561539636,0.9264881058532775,0.8806782185015197,0.9187985145354601,0.9088734155546618,0.9036377979844733,0.9146654558056693,0.9245175939571939,0.9157137580671709,0.9138352705563138,0.9105710729699309,0.9224360972399527,0.9135580022043482,0.9296392061005516,0.9032305842552446,0.8991635999471047,0.9075522242816357,0.9361439411913932,0.9205997982530799,0.9151085309289632,0.9263029804290791,0.8764925233946801,0.9120521079875262,0.9222819009067006,0.7315474394567073,0.8060325497939984,0.6463946827218946,0.8243124402418083,0.9217913810039327,0.9025123015242937,0.8824459347204251,0.9201629754785355,0.9124614626692833,0.9128926427172075,0.9280333938009098,0.9368411654468594,0.9053936210578775,0.918324635245461,0.9389997608762174,0.8926965384938237,0.909449486629818,0.8873802438849788,0.8711375181754221,0.9044247417915129
GSM2674184,0.9668172601573164,0.9727609419919349,0.9686496678599948,0.957863514496069,0.9657200888423368,0.9638752793249061,0.9597883198368157,0.9743074067469024,0.9639146912010227,0.977743034951944,0.9798810590593229,0.9755004951505529,0.9751744240651976,0.9769749757371586,0.9649342652829154,0.9630347632998234,1.0,0.9428382783839262,0.9756635061576141,0.9713011828695124,0.9413172489436091,0.9357571566957517,0.91098474951605,0.9003463922505388,0.9023106965629143,0.8855496530621865,0.9378982707765909,0.9478310017550069,0.894400367363143,0.9122917197508442,0.8959133506993797,0.9195231642787381,0.9490176296255511,0.9325690669340448,0.9296173057479845,0.94200493251345,0.934011246885638,0.927334549984791,0.9365013901392517,0.9291217504328263,0.9240202409524358,0.9310785949613175,0.9451067145461602,0.933995489701256,0.9349733162307124,0.9225666273100493,0.934817145630275,0.9270398966112827,0.944435914667159,0.9530104468670344,0.8904730328468196,0.9366843059377296,0.9552246279411253,0.7233238711010034,0.7728306751298988,0.6459220926341357,0.818757085852881,0.9445388083383857,0.9355505342230497,0.9286399570471404,0.9519021431856082,0.9443884170050011,0.9568150655684025,0.9512511639620943,0.9565835294957455,0.9409000751058315,0.9560891826031114,0.9603323586325128,0.9200582549919368,0.9242050892408934,0.9247077035680504,0.9195160788949768,0.911103201485134
GSM2674185,0.939881095656527,0.9412800875790238,0.9258376304821613,0.9340073851589652,0.9326028670144889,0.9419933526057767,0.9397092921181819,0.9389881714961825,0.9456913574595578,0.9486316638706055,0.9385408666715932,0.9397257781730737,0.9337844716507054,0.9287526390019958,0.9230515994867955,0.964589705033543,0.9428382783839262,1.0,0.9463299663880601,0.9661581729108671,0.913291112508132,0.9190447250002871,0.8799607177984269,0.8656470156903022,0.8464131253635128,0.872439829297937,0.9062384095371606,0.8971686523874577,0.8748746421720744,0.8866609522423262,0.9098250416817477,0.8691652404274172,0.9198835492056662,0.9106969934999576,0.9055130191640351,0.9053481037272704,0.9088119410999902,0.9028403508794866,0.9173931611099003,0.9025117443859462,0.9011777480763696,0.9050937713706143,0.9221145634051274,0.9006617669617131,0.9020869950162328,0.9016902504495863,0.9145098990167014,0.901104393668798,0.9142234562318393,0.9204283054129381,0.8629029880420996,0.9058669581944201,0.9024436307511157,0.7214913853088176,0.8050366679172296,0.6753960130140508,0.8091250264035388,0.9150469419082174,0.9022225012602759,0.8819007467967072,0.9075406151935572,0.9202235891815006,0.9041494484237045,0.9153212261924021,0.9272176955245574,0.9037302238858741,0.9163750456411082,0.9219647519403047,0.906229369283386,0.9208706927214559,0.904457601915199,0.8780286651035933,0.9030840641198237
GSM2674186,0.9712752108331204,0.9693323324859512,0.9779649007245844,0.9688670192997416,0.9682123824502448,0.969510461575391,0.9561420410336107,0.9775371263110862,0.9735146256014687,0.9753254509532346,0.9799295193989244,0.9832413343741474,0.9864292406559438,0.9780333712096619,0.9674344837695518,0.9552945028985116,0.9756635061576141,0.9463299663880601,1.0,0.9670059495229575,0.9470087207584743,0.9408275815562421,0.9186296645436849,0.9074356415446988,0.9035436365006329,0.8832774383238262,0.9506826799083871,0.9460954133872552,0.905421017275993,0.9199757492441868,0.8960275435803083,0.9280591259945076,0.9471846210136907,0.9420030853845872,0.930794294222317,0.9427660022453963,0.9333042063020314,0.9335834694664571,0.9408338224656979,0.9317567745519405,0.9225559496985769,0.9290462946014578,0.9484816078679968,0.93687312415753,0.9476336444567072,0.9292496815382867,0.9325977426275271,0.9256347574905562,0.9424417842190449,0.9445615711208242,0.8999374693504325,0.9474993872911546,0.9458539533921589,0.732038163209265,0.7708833967964379,0.6519172174876469,0.8193573571490539,0.952612909553381,0.9505287979428795,0.9343352551752154,0.9597897259504675,0.9608053577474343,0.9618031909465268,0.9605863777242422,0.9682011286461942,0.9502982256372359,0.955287886590923,0.9585324214506469,0.934665948584037,0.9426416646449021,0.9313644146816694,0.9353044935107298,0.9271781712892463
GSM2674187,0.9493677659116452,0.9564093306522837,0.9490333696932312,0.9589329717269798,0.9614355419988665,0.96317868697091,0.961742609385984,0.9603903659999565,0.950727414852419,0.9688639565523768,0.962568385448949,0.9621980339815919,0.9591509824979558,0.9559169501660604,0.937617454994496,0.9794602354663177,0.9713011828695124,0.9661581729108671,0.9670059495229575,1.0,0.9307643857583682,0.9286096360728245,0.8951890541155569,0.8870852012989198,0.861724657020314,0.8692238888696258,0.9242835547714922,0.9247096204000311,0.8862522525423416,0.9039382018220657,0.9287352573308252,0.8965729371037603,0.9257586920355465,0.9152978034317655,0.908389848701934,0.926843458888828,0.9265710873216663,0.9211875493693839,0.9245826424952048,0.9156999145416956,0.9223699650894072,0.9186506628986832,0.9386073278870837,0.9153895718531561,0.917402409380852,0.9122143988970106,0.9339913809617532,0.9208077812661609,0.9301729260218979,0.932625177128653,0.8842820710807965,0.925339496857656,0.9308912838037047,0.7300267363674365,0.7876280178163103,0.6472566722446922,0.8177330441926102,0.9352273297406534,0.9220960361716024,0.9061355979290283,0.9333018544255747,0.928411442280877,0.9344136166928414,0.9376917662291177,0.9488715013487851,0.9217196855579772,0.9331580297118519,0.9479002383791645,0.9076229600693976,0.9275525333290229,0.9042486725147166,0.8914118611510418,0.9084666796790091
GSM2674167,0.9305178898832345,0.930845867143214,0.9292508028416218,0.9247234640143656,0.9297831248483672,0.9269579460084177,0.9276607368847903,0.9390466207111866,0.9346307105571465,0.9348152935673113,0.9419209846279198,0.9418633891722997,0.9418452263292333,0.9312877337829307,0.9328464762434326,0.9255389315035141,0.9413172489436091,0.913291112508132,0.9470087207584743,0.9307643857583682,1.0,0.9691039461292839,0.9635773815956805,0.9401940660779845,0.9458788852253536,0.9037795599532715,0.9735049461740257,0.973189097829538,0.9416797899055476,0.9548657486256938,0.9231484322427183,0.93785903868906,0.9379379639428875,0.9329248014889263,0.9237327711325912,0.9329141584651345,0.9303762743706204,0.93343637909997,0.9381548064730512,0.9462899506541994,0.9195141356920363,0.8926458871869174,0.9498313774925158,0.9506676256591097,0.9337487344963581,0.9370007615543677,0.9284452847478831,0.8792344518098907,0.9498348693351193,0.9354792060892801,0.8704876389622893,0.9515830785590128,0.9119452046770165,0.8138663369304153,0.7991109714762069,0.7166603451634516,0.8700260508321083,0.9427716807311111,0.9363690348041059,0.9293272356071482,0.9472245398045257,0.9532154013570688,0.9519492648873704,0.948931112397274,0.9548356810770123,0.9372241271291364,0.9498898380888775,0.9564758141646085,0.9486752931633037,0.9389323694787701,0.9156983969894877,0.9160824194610533,0.9230646488635805
GSM2674173,0.9281111526339955,0.9291372130707886,0.9248519801259297,0.9178838346386029,0.9219976549994278,0.9239497269282473,0.9213930069808045,0.9390967279471933,0.9360813834141926,0.9372266453463215,0.9402991345913668,0.9390667440434624,0.9353425911779996,0.9270277844370355,0.9276028369947522,0.9234841380078794,0.9357571566957517,0.9190447250002871,0.9408275815562421,0.9286096360728245,0.9691039461292839,1.0,0.9585992498378533,0.9348514646237425,0.937284599289843,0.9170029030177062,0.9628893862208574,0.9543475030147154,0.9395926909478123,0.9463183823728517,0.9161362977602628,0.9351605580821015,0.9435633228915229,0.9422127043845984,0.9378193167948811,0.9212547473700377,0.9301719010978563,0.9320198389094064,0.9342947613684696,0.9471034469996178,0.9171518050394548,0.9016676791680293,0.9481911226843421,0.9445394627676974,0.9340522987222518,0.9358731935064967,0.9269302042922204,0.8836072834470284,0.9424159037166813,0.9340384665452145,0.8813751777818097,0.9486211445379733,0.9018701060150798,0.8234425410345513,0.8293879239937336,0.739764311808809,0.8837446306071924,0.935298403781931,0.9288094550995639,0.91007531848721,0.9337894722297488,0.9455218301528042,0.9365527193994174,0.9365788456439478,0.9444081116027786,0.9267369018197077,0.9405702927646883,0.9505504142117632,0.9489109758546206,0.9421842189940483,0.9116565715513341,0.9175006933533599,0.9425322454283038
GSM2674157,0.8984623821995731,0.8974662679394597,0.8992393664047191,0.8909448972773372,0.8942453524823645,0.8944805004976113,0.8934344635540148,0.9125029286503562,0.9104347006486736,0.9062665228991537,0.9132557902096896,0.9129432996225539,0.9138877969973478,0.9047613742910866,0.9053261626804647,0.8912438514351841,0.91098474951605,0.8799607177984269,0.9186296645436849,0.8951890541155569,0.9635773815956805,0.9585992498378533,1.0,0.939366675919643,0.9412634376253318,0.9106481098589003,0.9657016860790592,0.9501573613953787,0.9590053655044234,0.9565791957266382,0.910088056497024,0.935434393791832,0.9279899963287235,0.9278491608235551,0.9231377311043001,0.9060833756400725,0.9138057012194789,0.9115588420308651,0.9220151204907495,0.9381561700042321,0.9006642408923428,0.8764888062870759,0.9374677223726648,0.9412936020652188,0.9111249152311004,0.9293213968323946,0.9108593127740883,0.8549138282031349,0.9278489606101018,0.9158523565874065,0.8544138232485908,0.9438636005217403,0.874149185062135,0.8381128213650709,0.8120172729772418,0.7439798004962549,0.8804938005894546,0.9227304494297833,0.9173380526266555,0.897853533997064,0.9279306845044198,0.9311377675954886,0.9320463887347624,0.922664653965415,0.9361335905667366,0.9128332543426713,0.9278896130831763,0.9368438733969912,0.9402412524536748,0.9277750272088698,0.8847100694402688,0.9009179041734328,0.9244424106666956
GSM2674158,0.900090744933878,0.8908675391541501,0.902039971752161,0.8721607933616499,0.8737510391788411,0.8740550187344607,0.8667174670697497,0.8917085778099919,0.8919294976384458,0.8949828945809281,0.9068626861096964,0.9076689130481267,0.9012278106765574,0.8910819292468285,0.8956864796859731,0.8727661492832648,0.9003463922505388,0.8656470156903022,0.9074356415446988,0.8870852012989198,0.9401940660779845,0.9348514646237425,0.939366675919643,1.0,0.9340101289648064,0.9179801605974413,0.9450955361324584,0.9426778553070034,0.946891187430853,0.935421293532096,0.9028220670234053,0.9460160622500317,0.930916627068163,0.9302237019765459,0.9258697115393199,0.9192093545570379,0.8969521427608614,0.8936596061065064,0.9185226082875662,0.936870162397789,0.8770618559686939,0.8949338372568917,0.9188239342369304,0.9294427947621523,0.915016365022498,0.9182002332903025,0.8839184472150168,0.8527705261790209,0.925645740779508,0.9135292746247621,0.8627288531766557,0.9362438298353525,0.8722585403938707,0.8168977563740378,0.7882360516673813,0.7304499551952748,0.8564046281403642,0.9097864216019461,0.9187467688740942,0.9086847142684269,0.9217449707733232,0.9224727548252818,0.9273541669371141,0.9060216884984665,0.9271807143640981,0.9079082520318382,0.9120714683021188,0.9219276511290052,0.9362748778254198,0.9282872365796303,0.888453100973604,0.9072952193580169,0.9133715343772995
GSM2674159,0.9095519072918056,0.910200277329966,0.9124657384060916,0.8496245132539879,0.8644718620103738,0.8575775873142698,0.8467440359649935,0.9026082399212041,0.8923128153247017,0.8951049837306848,0.9060002119662388,0.9083745973026575,0.9101443558161072,0.9031761664466439,0.9229413420764077,0.8478000872047622,0.9023106965629143,0.8464131253635128,0.9035436365006329,0.861724657020314,0.9458788852253536,0.937284599289843,0.9412634376253318,0.9340101289648064,1.0,0.8992273444736851,0.9538153014983405,0.9580722616336373,0.9375567819910694,0.9339730029204304,0.8402434768446609,0.9315012533333283,0.9321068605425725,0.9313224757087739,0.9180919894894971,0.9126729931947641,0.8842451040768898,0.8886761618183887,0.9161446052183079,0.940342641411314,0.8577484502498152,0.8638137661115807,0.9078644788680786,0.9250861319211692,0.9300335258118919,0.9097693463551102,0.8630078456125365,0.832015066867794,0.9269094203403961,0.9138426602853172,0.8375480144331118,0.9334754470623405,0.8923321976861877,0.783667234424052,0.7423543317376875,0.7092181771361273,0.8286968007785253,0.9132906799334234,0.9147577718578027,0.9200419434735583,0.9249067712363637,0.9247295943678261,0.933558860289746,0.9220079859699317,0.9162594659721786,0.9268831300745511,0.9293074787671778,0.9217567254927408,0.932810724843412,0.8996084737609186,0.903334802028394,0.9146393697851904,0.8839056987689455
GSM2674160,0.8934536850018912,0.8853495898110858,0.8800197614039312,0.8522882656510529,0.8552010296114649,0.8647159753138923,0.8528899551697714,0.8862107959219665,0.9031359485661966,0.893562289361414,0.8881889008423957,0.8884698215494624,0.881511652600482,0.8777844378763582,0.8807501320904076,0.8672301169638172,0.8855496530621865,0.872439829297937,0.8832774383238262,0.8692238888696258,0.9037795599532715,0.9170029030177062,0.9106481098589003,0.9179801605974413,0.8992273444736851,1.0,0.921323882483199,0.9056552927343935,0.9206390317361501,0.9239001493846263,0.8845650855247537,0.8986866013892995,0.928487206170061,0.9266317290381113,0.9395250488602209,0.8984034236875538,0.9010652960011677,0.8792372939167303,0.9185703419412248,0.9277024866603641,0.8803296862706721,0.919181006335559,0.9125233205896465,0.9182728999596927,0.8795946098569543,0.9334940962047027,0.8914055213550502,0.8692354934750918,0.9134104890255373,0.9295587796024188,0.8416341429217765,0.9104746211075904,0.8493092712620725,0.8379460312406564,0.8792521137711238,0.8116384850654941,0.8884934964001309,0.8932657677369021,0.8967459110802526,0.8531548690275,0.8928039347383707,0.9013713732667682,0.884682347437653,0.8798161553951974,0.8973265910042197,0.8930874102039171,0.8970494176947307,0.8933536548519889,0.9261712611775488,0.9027773147911321,0.8733844872878798,0.8831515431074345,0.9173360120947774
GSM2674161,0.9370265853713948,0.9328847034999317,0.9393783515580897,0.9163010524058034,0.9211963892702738,0.9203350605671283,0.9075339093276729,0.9444841239510146,0.9410333828394183,0.9407857161891984,0.9425133305941249,0.950395252564328,0.9488829121587966,0.939447161567203,0.9371556616314389,0.9157666963162205,0.9378982707765909,0.9062384095371606,0.9506826799083871,0.9242835547714922,0.9735049461740257,0.9628893862208574,0.9657016860790592,0.9450955361324584,0.9538153014983405,0.921323882483199,1.0,0.97575703845964,0.9633499247563945,0.9671329777878174,0.9193850963656273,0.947787478783113,0.9465672806918723,0.9493591458940015,0.9359215550574921,0.9384875498686633,0.9292129947662424,0.9326425717801788,0.9488056416627886,0.9552745671211749,0.9115505176556817,0.9053430147986777,0.9484384114337936,0.9523133662966761,0.9458016820595339,0.948431688616866,0.9212551160978449,0.8870022888522774,0.9501212749232287,0.939118577886048,0.880683175307458,0.9625577558402679,0.9144337258379596,0.81865675758068,0.7973740057082228,0.7301671832071723,0.8725476017566874,0.95142886347496,0.9500703846810079,0.9295838768716974,0.9588536409758663,0.9557016989864268,0.9552597692931107,0.9544390093282907,0.9640124942623819,0.9483755118645423,0.950613928060795,0.9540902850313236,0.9546692007449602,0.9427676128342529,0.9177886317707269,0.9277177926222099,0.9300417048276066
GSM2674162,0.9356602413562175,0.9330059871561078,0.9384202665531324,0.9129022374215701,0.9207084127769545,0.9169198539541716,0.9111045857910668,0.9417709300239471,0.9336088309724252,0.9400483285625352,0.9477112292620311,0.9479405283420168,0.9469847211516145,0.9403011991733601,0.9391651675997039,0.9143226018735369,0.9478310017550069,0.8971686523874577,0.9460954133872552,0.9247096204000311,0.973189097829538,0.9543475030147154,0.9501573613953787,0.9426778553070034,0.9580722616336373,0.9056552927343935,0.97575703845964,1.0,0.9434818512258062,0.9536847899071216,0.9104403165671051,0.9452785415327742,0.9411852617440937,0.9355385873061268,0.9263888438057352,0.9417914997065112,0.9250692083446791,0.9289801408967648,0.9380060163933395,0.9475855538993813,0.9112218511012573,0.8981109357793671,0.9431961744467497,0.9434965368062762,0.9398613205727439,0.9362384786621668,0.9201685301607795,0.8845867944341953,0.9518020665299267,0.9393954527135532,0.8756235379715329,0.9502819341689772,0.9264783961430867,0.7938372942530241,0.7697296202912645,0.695287360871223,0.8532040896718327,0.9424304400820622,0.93855331022093,0.939008525960558,0.9564826775976223,0.949124293974759,0.9568070544599407,0.9489975866531503,0.9550850572046661,0.9440860281553303,0.9519140227182442,0.9583897690785992,0.9426168851087848,0.9286995228702505,0.9200567638555842,0.921128146893892,0.9123489836122157
