,GSM3304967,GSM3304992,GSM3305000,GSM3305005,GSM3305043,GSM3305074
GSM3304967,1.0,0.9041489261253055,0.8776506962635595,0.8950141733628663,0.9022977258032795,0.9170959585070209
GSM3304992,0.9041489261253055,1.0,0.9234094175814597,0.943931875173893,0.9251377459606804,0.9389043391185881
GSM3305000,0.8776506962635595,0.9234094175814597,1.0,0.9253685738877169,0.8909918750912437,0.8931829951986333
GSM3305005,0.8950141733628663,0.943931875173893,0.9253685738877169,1.0,0.9099146707326525,0.9190752813797244
GSM3305043,0.9022977258032795,0.9251377459606804,0.8909918750912437,0.9099146707326525,1.0,0.9321577342849869
GSM3305074,0.9170959585070209,0.9389043391185881,0.8931829951986333,0.9190752813797244,0.9321577342849869,1.0
