,GSM2674169,GSM2674170,GSM2674171,GSM2674172,GSM2674174,GSM2674175,GSM2674176,GSM2674166,GSM2674168,GSM2674214,GSM2674208,GSM2674209,GSM2674210,GSM2674211,GSM2674212,GSM2674213,GSM2674215,GSM2674216,GSM2674197,GSM2674198,GSM2674199,GSM2674200,GSM2674201,GSM2674202,GSM2674203,GSM2674204,GSM2674205,GSM2674206,GSM2674207,NS_2,NS_1,GSM3304958,GSM3304961,GSM3304962,GSM3304963,GSM3304964,GSM3304965,GSM3304966,GSM3304970,GSM3304971,GSM3304974,GSM3304977,GSM3304980,GSM3304981,GSM3304982,GSM3304983,GSM3304986,GSM3304987,GSM3304989,GSM3304991,GSM3304994,GSM3304995,GSM3304996,GSM3304997,GSM3304998,GSM3304999,GSM3305001,GSM3305002,GSM3305003,GSM3305007,GSM3305009,GSM3305011,GSM3305013,GSM3305014,GSM3305015,GSM3305016,GSM3305017,GSM3305018,GSM3305019,GSM3305022,GSM3305023,GSM3305024,GSM3305026,GSM3305027,GSM3305028,GSM3305029,GSM3305030,GSM3305031,GSM3305032,GSM3305033,GSM3305034,GSM3305035,GSM3305036,GSM3305037,GSM3305038,GSM3305039,GSM3305040,GSM3305041,GSM3305042,GSM3305044,GSM3305045,GSM3305046,GSM3305047,GSM3305048,GSM3305049,GSM3305052,GSM3305053,GSM3305054,GSM3305055,GSM3305056,GSM3305057,GSM3305058,GSM3305059,GSM3305063,GSM3305065,GSM3305066,GSM3305067,GSM3305070,GSM3305071,GSM3305072,GSM3305073,GSM3305075,GSM3305077,GSM3305079,GSM3305080,GSM3305081,GSM3305082,GSM3305087,GSM3305090,GSM3305091,AP.7,AP.8,AP.9,AP.10
GSM2674169,1.0,0.9536550349190547,0.9403502444526995,0.953178607268594,0.9308002664778628,0.9062323215375407,0.9274940146468383,0.9318383683017322,0.9450864609842575,0.9378142162811882,0.9107643666711568,0.9325156440727137,0.8768831603687814,0.942899199635873,0.8682547181192602,0.9218183114487501,0.8670613008306696,0.8770719444646587,0.8808228202985666,0.9269511750851929,0.8932291744832088,0.8823114908893368,0.8949533854227465,0.8900187293748856,0.9000576796880906,0.901103394016056,0.9305211635231861,0.8737594616621333,0.8945769827128777,0.9377712141795266,0.9455671604477939,0.8648896262002049,0.9390586771606492,0.9578574496401844,0.9297727664723248,0.9347031145888678,0.9178668446237731,0.9089788864572909,0.8926219268172787,0.8801017785795734,0.9415859376322974,0.8910039751612102,0.9269540350390352,0.9194946196495664,0.9148370557444004,0.9299698567805578,0.9016033058466367,0.9338585252656861,0.9299553226310671,0.912528941784238,0.9317944535704177,0.9359566208746237,0.9021035055039943,0.9340789479644684,0.9176653356355128,0.9510734096734583,0.9140394783518225,0.9290886025176894,0.9331133182847962,0.9012842830226159,0.9208191310366594,0.9154740037874574,0.9410329368878502,0.9247416105136044,0.8844258132496132,0.9369464277096272,0.9427263334410605,0.9224167254890561,0.8911169263804612,0.846978568100113,0.9158512301048561,0.9161238068897968,0.9265345175782914,0.8717582657740723,0.9257861752544247,0.9214559935438915,0.9378018290650944,0.9346596808404648,0.929764011683874,0.9287505446702959,0.9372268168004027,0.9134201889726626,0.9449063136674714,0.9247997274896556,0.9399956404508423,0.9433639019568133,0.9207698394627003,0.9225647931472175,0.9415889811413494,0.9255045279246111,0.8056485290904738,0.8685901744326044,0.9234098941484803,0.9153117849789782,0.9570250340920394,0.923165478247803,0.8918041243187768,0.9444821715331069,0.9296912144666294,0.9119790035720526,0.8953086854141803,0.9189286953465796,0.9401992332616008,0.9186695793688405,0.9360449450460613,0.8804846555238958,0.8930652097830939,0.9441533237192135,0.9240469017365807,0.9326794123098996,0.894335853592652,0.940330516426913,0.9302320975961389,0.9199925309234833,0.9345208541175791,0.9189904312438504,0.8646577954073477,0.9443317350258611,0.897818758721574,0.9243482818598724,0.9149584301117992,0.9408826770143162,0.9330666244817647,0.9352488665055397
GSM2674170,0.9536550349190547,1.0,0.9514617154446895,0.9484168927022573,0.9535371923591018,0.9333095545901181,0.9383823795796161,0.9418165239649852,0.9630318680958986,0.9309585781632965,0.9148842651887736,0.9232488883751896,0.877748575286479,0.9466994943741501,0.8792452860700467,0.9151584546739052,0.871133743477596,0.8810951973692016,0.8817387094334554,0.9204375807041759,0.8796306102651194,0.8966878372278029,0.8993119140230262,0.8825027932998872,0.8826553050707966,0.9080845787130924,0.913197443468124,0.8782135583411588,0.8832787439405783,0.923676148113657,0.925546229292833,0.8617341135082989,0.9523809050121571,0.9531162079222321,0.9215886415594681,0.9421766113777149,0.917642203444484,0.9008468124348237,0.8830355312508507,0.8897775783267045,0.9407549686057673,0.9080968666935485,0.9296826611824315,0.9198665593428912,0.923660998987437,0.9295226004768635,0.918294224925414,0.9369166054173158,0.9404029537333303,0.9266694954858746,0.9364345244664444,0.9339078256521568,0.9138178673473208,0.9337760558693452,0.9198784412262104,0.9339586997784391,0.9243044142116114,0.940758695689411,0.9314012684380006,0.915656987509526,0.9185435686885451,0.9168116318621623,0.9408468495627775,0.9207466710594441,0.8910147907011385,0.9413747032655717,0.9444616224713699,0.9437907854008014,0.9086833192674306,0.8691507382003668,0.9091692017209374,0.9299988645036452,0.9220546850790082,0.8842049856519623,0.9149675721980576,0.930552974558371,0.9466278868274263,0.9338233174354145,0.9299688136841788,0.9471686005517556,0.9492115830336073,0.9197338369569505,0.9373474255138671,0.9291420044841687,0.9326275454147646,0.938137607561564,0.9170334823116971,0.9106434400925115,0.9332785360681374,0.923051002045081,0.8296994937035974,0.8560644612664184,0.926833603845529,0.9144753125638432,0.9478338059912117,0.9130059876873816,0.910980923080125,0.9431338043741438,0.9328905165915021,0.912595956646154,0.9072905879914233,0.9346327144751874,0.9484469339743604,0.9384316293317082,0.9353101959731025,0.9061267514552817,0.9200463841615188,0.9475802439120746,0.9334520098138965,0.9266802510980773,0.8975878329099586,0.947029245606713,0.9268738644262248,0.9229042965392583,0.9315061550124774,0.9239023705698729,0.877271145771596,0.9379504425542544,0.8904506603765524,0.9300382323988412,0.9134535445645711,0.9358606695333274,0.9369500030656203,0.9421913844051234
GSM2674171,0.9403502444526995,0.9514617154446895,1.0,0.9562484195959718,0.9625480795091,0.9455124399365891,0.9385824470313162,0.9346963204987306,0.9503134981396368,0.9551321897116177,0.9393803236703941,0.9571896306229002,0.9113505031849334,0.9523863875197635,0.9191515370309281,0.937662648746843,0.9011488836826996,0.9218099443655587,0.9020794020313122,0.9410629575772322,0.9041956663862866,0.9129625448888781,0.9147397972049389,0.9187506133908737,0.9158120109657876,0.9191198377973666,0.9394587784429872,0.8850148315214758,0.904514763173702,0.931254609566068,0.9330911372275429,0.8807425108386273,0.9564732324638852,0.9510997758102143,0.9371692824387625,0.9246718193567849,0.9457189878392406,0.9286213730151727,0.8771945442375182,0.9167302623873498,0.9453871228718639,0.9164761123262245,0.9416577609069255,0.9511669165580114,0.9275039009476611,0.949436406211282,0.9419334490816722,0.943783175703243,0.9292027851181325,0.9316009974264773,0.9491609468873976,0.9426213790560313,0.9237774055279299,0.9420405964232151,0.9374078222312869,0.9406946139644237,0.9422017799722566,0.9622693232459716,0.9572609303169329,0.9463299573254972,0.931456399045037,0.9500786743316283,0.9523728885075736,0.9181400160527428,0.9193007007844981,0.9280437555297866,0.9459211786203289,0.9439568419062904,0.9332917299985761,0.9001865485448565,0.9189560813087689,0.9518069966061649,0.9340172848392105,0.9051094834364966,0.9380206603468031,0.9517918686682957,0.9550357161078832,0.9410642166312754,0.9457358652549509,0.9344232081630851,0.9442156737875838,0.949650281785284,0.9392330034896544,0.9439631503068499,0.9492811792953004,0.9536200974413043,0.9412375909185093,0.9320395339397055,0.9468293782234167,0.9465082758699246,0.8594359864253813,0.8964219397874307,0.9448194627932363,0.9388248297699756,0.9409135621268925,0.9287552536753515,0.9210482984784586,0.957211839873645,0.9439214684441823,0.9340030239612576,0.9335815529682318,0.9512995200389681,0.9606503402380415,0.9323823397754708,0.9491109941304892,0.9375174898897185,0.9136877347905331,0.942988720347529,0.9394931722521656,0.9462110351726194,0.9189162356308367,0.9487107186745303,0.9500195495246646,0.9394737852572735,0.9357996849377507,0.9352702321103923,0.9156242943154177,0.9448007093281218,0.8902473741919296,0.940639058493111,0.9190390779367855,0.935853112970002,0.9350844926007978,0.9525670562513447
GSM2674172,0.953178607268594,0.9484168927022573,0.9562484195959718,1.0,0.9482942254286746,0.9314702826749597,0.9401758246332489,0.9375314387734676,0.9373624989325703,0.9479077349913808,0.9263911016563777,0.9444288232910102,0.9033128344947342,0.9448171130440176,0.9032027914773845,0.9200216647772372,0.8993903539501332,0.9049890862409024,0.8990403520530498,0.9246527653433856,0.9096420141720212,0.8939032330992208,0.9150445190246487,0.9092010652982886,0.9095111540940357,0.9197855616202583,0.9371237340355935,0.8858752777003285,0.9082574219649105,0.9212610966092774,0.9237145924914045,0.8584272310135005,0.9495073297764731,0.951384985529793,0.9186391254175632,0.9248411486713851,0.9291591908066846,0.9060549511118217,0.889287627546251,0.8959363126833991,0.9305549428852375,0.9003238557474597,0.9319530789362072,0.9337739247897727,0.9298409321004945,0.9306892442752339,0.9211486827718302,0.9400508603715665,0.9235586874566121,0.9237481249439764,0.9395714975831745,0.9474583337366743,0.9119991354520046,0.930871059120334,0.9222892670624625,0.9382510598837921,0.9130496641245647,0.9398559497500724,0.935824253096974,0.9217762986373653,0.9141207457621262,0.9292419518147101,0.947855208350827,0.9091726120021222,0.8890008755638106,0.9244733987546402,0.9449037685843945,0.9408102531390553,0.9083399232215419,0.8708687474963468,0.9249601666078788,0.927649785382969,0.9420063477964441,0.8905463363171067,0.9215948489704188,0.9342250042637336,0.9425199483732856,0.9349696011876562,0.945476953514175,0.9202752798017289,0.9304758353501518,0.9257471102632534,0.9291573776729971,0.9274838497523028,0.9320262609285804,0.9384114777014101,0.9370904813120432,0.9272125209683341,0.9330657899251932,0.9338078264716759,0.830682799704661,0.8925908981044536,0.9358551517288902,0.916726066377095,0.9457397933763403,0.9192030447236024,0.9011861718522066,0.9509299326036628,0.9325210719734784,0.9203089082943927,0.9080326780544863,0.9309126127874291,0.9453291276742251,0.9212005669081018,0.9394822584832472,0.9027079001054877,0.9040048150397785,0.9365501392775478,0.9261586927542514,0.9261442824866857,0.8970557049038934,0.9418096970168222,0.9401149571311382,0.9250965963286921,0.9284758939032091,0.9204835171824436,0.8870685476310789,0.9447493679972682,0.8987259761531434,0.9227583811261633,0.9069859416951236,0.9205804801317008,0.9280870516866897,0.9385954592478767
GSM2674174,0.9308002664778628,0.9535371923591018,0.9625480795091,0.9482942254286746,1.0,0.9613550912148184,0.9522057079113997,0.9449294069368444,0.9470504994849028,0.9586746652712539,0.9241666654057573,0.9407818356469477,0.9046272046307543,0.9467790689991559,0.9160629899585485,0.9355567237506136,0.8918844388896974,0.9013090698355858,0.8987522422528343,0.9468538723179583,0.8918816031851048,0.9158075514898413,0.9051170291368192,0.9050920409541275,0.8886729779998629,0.9111482676949093,0.9193508176162115,0.8699227930100137,0.8805548863458709,0.9403602900029999,0.9257347923496186,0.8889684948809393,0.9565207560821959,0.9538840556080923,0.9258718248584598,0.925629471380634,0.942245629723361,0.9299033250495878,0.8552209488725009,0.9181886176843357,0.9507376635580883,0.9200247277076549,0.9400269087025578,0.9426125729585493,0.931974340867828,0.9464296320145478,0.949062132125783,0.9333566210171297,0.9287057930532786,0.9485883347036451,0.9380161401199231,0.9348850742648523,0.9177654225792807,0.9430710525947845,0.9323985969949333,0.9278661588987596,0.9499916542217932,0.9541906810791415,0.9435516859790825,0.949254502625707,0.9376960187538499,0.9408420648458287,0.9489451868917136,0.930300431531933,0.9013548770436214,0.933818763532982,0.94309048295029,0.9410221767497954,0.9391770780881233,0.9138175832237431,0.9233392272045128,0.9589845687281987,0.9308237349324407,0.8993790758630852,0.9272998346459441,0.9530466545685004,0.9557513108488288,0.9293131964008189,0.9433841008602495,0.9413418096507409,0.9416799721681935,0.9473267076324454,0.9334992025638321,0.9440351091900044,0.9394694286863537,0.9517516050017846,0.9405982390891433,0.9206029569060731,0.9418716515643474,0.9378453092756147,0.8706660711738828,0.8707332335891893,0.936952789341958,0.9404730230820351,0.9390034131940926,0.9138286333419938,0.9394855201287179,0.9553121607391049,0.951269516173023,0.932398287583249,0.9341286612987748,0.94766235887921,0.9582337421405336,0.9206230699115334,0.9315585696678631,0.9406697708240795,0.9311019437841667,0.9572701284112684,0.9584731817672654,0.9417650800025474,0.9285186158804923,0.9506957197650587,0.9375700115863386,0.945896531268072,0.9538920296276918,0.9444422112447812,0.9235766167571768,0.9387588336086885,0.8819238154986744,0.9459274621390644,0.9326115216346103,0.9370211501594001,0.9445874484172941,0.951435028379632
GSM2674175,0.9062323215375407,0.9333095545901181,0.9455124399365891,0.9314702826749597,0.9613550912148184,1.0,0.930450841327927,0.9171266429922676,0.9291678093169754,0.9384586312865826,0.8896737094856917,0.9168113793043788,0.8744872509227728,0.9145217103331499,0.8852165458825612,0.9252378814036434,0.8556879718383028,0.8985766106817039,0.8681806089100799,0.9293861954687754,0.8662030382138894,0.8937458489782041,0.8976238632686419,0.8867938721008786,0.8555125168678943,0.8834511242501034,0.8890070372191367,0.8465433794483068,0.8446399123630032,0.9107843871927337,0.8981989546573484,0.8742109054937363,0.9351160982385323,0.9311576688455149,0.9095360351681235,0.9034972969257006,0.934289047132078,0.9222020842790646,0.8242864328985441,0.9050079366679641,0.9305322538405634,0.9140911186535093,0.9050535440687303,0.9260112079393705,0.9234814190509305,0.9227618103899855,0.9334193246140636,0.9148738105522193,0.8923487271612147,0.927855769045228,0.9099528003331068,0.9081784605026734,0.8902322973629307,0.929675654196476,0.9223308154615082,0.9010308781627839,0.9276473156496058,0.9321129912373959,0.9301517816597935,0.9316525066387409,0.9124562390266542,0.9289367854262924,0.939346917385291,0.8989829674822137,0.8997190397873304,0.9129732288463009,0.9284286941197658,0.9203317092236332,0.9276259555223085,0.9068058718777408,0.9122902299913106,0.9364817648666731,0.9111217732073137,0.90258412158713,0.8914360778641259,0.932342048125514,0.9343019267584217,0.9218135239960172,0.9262283210430783,0.9178022396547622,0.9132434982609225,0.9324552493388414,0.8956901205173303,0.9235246796276998,0.9140692027524195,0.9271117468580108,0.9208042074950905,0.8983100294518391,0.9130514269664503,0.9203256997810877,0.8619055030457679,0.8485624183265912,0.915819947460088,0.9257357717158363,0.9135718528285288,0.8879105896013871,0.9188259114935566,0.9279644085163928,0.9234857560303451,0.9133730005069415,0.9222239970519859,0.9355735489589375,0.9333551362875,0.9070572201551373,0.9191405430309961,0.9256314471077516,0.9076487194237176,0.9263849704114472,0.9237750224746326,0.9274413908081148,0.9125529117363547,0.9258308103514428,0.9167609452407499,0.9302784444991848,0.9213300191037364,0.92373019950205,0.91848490237323,0.9324216990905455,0.8446321593517214,0.9343590078314996,0.9048466173306587,0.9070458713081583,0.9169111983547018,0.9284597444468273
GSM2674176,0.9274940146468383,0.9383823795796161,0.9385824470313162,0.9401758246332489,0.9522057079113997,0.930450841327927,1.0,0.9855705614219056,0.9347822038792275,0.9292856450895709,0.9019606107470913,0.9196990792532259,0.8834601818644152,0.9553169010588851,0.8969781342269724,0.9040744711324669,0.8867390018660886,0.8886743457592777,0.8959819115990445,0.9095675355778544,0.9014487866498326,0.9030335065687887,0.902199824624923,0.8982516500093768,0.8950242167731709,0.903341825657598,0.9219121104017218,0.8730573186947772,0.8760314713165788,0.9099447945574186,0.9006273814247323,0.8444938160382699,0.9428897785946744,0.937995435231558,0.9311126576257813,0.9101519627465584,0.9186317622353799,0.8969071283261799,0.8579165402212714,0.8995551999009541,0.929373396710625,0.90901681591779,0.9302058769248152,0.9268365464688906,0.9350872998319747,0.9098272929569804,0.9236047164651839,0.9176618578206964,0.9074073638463721,0.9255824956620199,0.9305039563016331,0.9262099695161226,0.9056173647777787,0.9404269109717723,0.9262672559631936,0.9195018642214865,0.9187628495237037,0.9380256537313376,0.9384871279072843,0.923362771611789,0.928286128911665,0.9145081209977557,0.9388428230971911,0.9138009590451943,0.8906596330663845,0.9165602864384289,0.934505376445931,0.9330902707542355,0.915094814676048,0.8831404364637863,0.903960332246354,0.9329999287630604,0.9314670093547912,0.8893247656615465,0.91095780232903,0.9274041207603346,0.9289775186102843,0.9239497657518256,0.9276735247001187,0.9215450941285814,0.9307017566708367,0.9297245535191001,0.9202906574301135,0.9156908768980445,0.9323102333194234,0.9294615118521942,0.9309624833407434,0.9157628712637997,0.9235676591649999,0.9128680521820708,0.8386532946104907,0.8751859365192493,0.9337965467574899,0.9123217213008379,0.9263178047721234,0.9115240210813994,0.9100284472751825,0.932134179131894,0.9426409741097462,0.9246758662876758,0.9054063058436055,0.9335676683032628,0.9384269297507636,0.9099431252449608,0.9101242520127176,0.916474092715718,0.9237238039855068,0.9414426542708694,0.9401114911826483,0.9110322888535592,0.8959385702492547,0.934616468770817,0.9152281018404157,0.9185565777883203,0.9325837566964873,0.9343139901915443,0.894051408094826,0.9205295187303268,0.8886399133643803,0.9163988773882944,0.9029105326238541,0.9151784434648498,0.9238348605654148,0.9223685871548323
GSM2674166,0.9318383683017322,0.9418165239649852,0.9346963204987306,0.9375314387734676,0.9449294069368444,0.9171266429922676,0.9855705614219056,1.0,0.9356631987133641,0.9171996600412526,0.9083337522908603,0.9133258763176306,0.8835298104462045,0.960572187515356,0.8925130293532406,0.8860404553752093,0.8867181605071711,0.8820348129456008,0.8975468177798048,0.8949092388736927,0.9000430306528058,0.9013856802700141,0.896661075712086,0.89350259047316,0.9002647722301828,0.9110237621677214,0.9277858481819342,0.8830259761789094,0.8832655968354293,0.9039647262934803,0.9018196983481876,0.8330446968276671,0.9420463714001927,0.9346386814370966,0.9305152300247521,0.9130477294228757,0.9063626861504049,0.8838357263354366,0.8728827861118148,0.8851828846145973,0.925404231428666,0.8988680424810601,0.9350235023037999,0.9198639012380141,0.9317824374011374,0.9065716960441152,0.9080188194473762,0.921979938670703,0.9188138571317158,0.9201521235426312,0.9342203730832654,0.9296167613180227,0.9141001016052422,0.9342668460941428,0.9196721360941231,0.9237125704521729,0.9107515583057989,0.934654788483426,0.9357108289773585,0.9151160172822619,0.9232332450188934,0.9035793201047896,0.9308259211477876,0.9153813741423376,0.8836056020765042,0.9230456440391943,0.935612714134661,0.9313411687025352,0.907293749011392,0.8598885837532504,0.898031617685777,0.9291444832119803,0.9344150760583623,0.8711721692520994,0.9168032018506539,0.9198389451772304,0.9263081466541034,0.9194173711583604,0.9215422181518584,0.9221094252964197,0.9340252077802044,0.9226821607315867,0.9281035775545576,0.9106127311886327,0.935703860949171,0.9223229034881908,0.9244861954563475,0.915864731940368,0.9245684766809149,0.9030246876441055,0.824283004462439,0.8768617988094605,0.9317654693599914,0.8971718880186024,0.9286249896437405,0.920330122941434,0.902573470239173,0.9291039237009977,0.9455052905901623,0.9218087800422659,0.8885241660383632,0.9312570455089476,0.935788874819005,0.9097757275382652,0.9092229414251285,0.9030321725595425,0.9191686535446998,0.942267120727117,0.9403616135708395,0.9014664160431868,0.8836871856817045,0.933129574207554,0.9167616684769924,0.9089311151190891,0.929478553708523,0.9326121567299186,0.8759017430578079,0.9163224702618301,0.9049772685852107,0.904408422527867,0.8961153358743182,0.918868997259163,0.9218888935688049,0.9178804488587015
GSM2674168,0.9450864609842575,0.9630318680958986,0.9503134981396368,0.9373624989325703,0.9470504994849028,0.9291678093169754,0.9347822038792275,0.9356631987133641,1.0,0.9206896919470212,0.9138529108328586,0.9233035681565965,0.8710075725495365,0.9472515823558987,0.8838824562963528,0.9092797398351142,0.8739686717271041,0.8887910520494223,0.8838222321510236,0.9104771072404245,0.8718554441156856,0.89577629892065,0.8906128579849807,0.8875085585012535,0.8988584056410263,0.9114510256077683,0.9199079323393778,0.8848179844514675,0.8869907167796027,0.9166602501856439,0.9266398799251279,0.8546357752870306,0.9476843294985527,0.9455599576736603,0.9294311770888508,0.9420307476969778,0.9174150086633939,0.9011852409661811,0.8856933025027399,0.8890119627465806,0.9427718718947699,0.9082803505805258,0.9345401761043873,0.9209535264089023,0.9164768298909163,0.9314049821245849,0.91797306674702,0.9367968491973447,0.9412784235810652,0.9206735366833014,0.9457329066043192,0.9356097313517362,0.9126898390181518,0.9364161654617794,0.9202925457805124,0.9334662540035853,0.9263465630227739,0.9437203015308737,0.9365259839418096,0.9254975379899438,0.9242533449806354,0.920283309865099,0.9372474000786992,0.9206264462911852,0.8966133307751678,0.939374399006686,0.9401475857004562,0.9315651228295296,0.9090810804852713,0.8651753706739772,0.8952138421487397,0.9335073577092308,0.9173311842184331,0.8724325372269983,0.9264306906039872,0.9288024063415181,0.9460067677334045,0.9332775837818443,0.9276538371627088,0.9420846287738881,0.9470184926562346,0.9266701100397706,0.9402856682472817,0.933023133403013,0.939510246025058,0.938622145898169,0.9174066626815178,0.9101048391328546,0.939241668009945,0.924498748369889,0.8276357774565929,0.8550643988738758,0.9280693900217201,0.9172165036121724,0.9402529557435356,0.9183518930474049,0.9075263546716894,0.9471473784321827,0.934092053566634,0.9141301337766651,0.9089844107666564,0.9425283106430211,0.9529476200167588,0.9402102107113692,0.9321888770153485,0.9103022915675951,0.9114033037233074,0.9454587634922275,0.9289947792700733,0.9286805348561358,0.8938311368399604,0.9428950724645732,0.9253410209477778,0.9243476877141356,0.9284328470073429,0.9245445380157513,0.880091299302963,0.9307745115451089,0.8869474353535803,0.9245458269831914,0.9188833280377889,0.9367395314277506,0.9411426890704777,0.939706441702951
GSM2674214,0.9378142162811882,0.9309585781632965,0.9551321897116177,0.9479077349913808,0.9586746652712539,0.9384586312865826,0.9292856450895709,0.9171996600412526,0.9206896919470212,1.0,0.9181300533955059,0.952796601963937,0.9020510615794044,0.926883277536812,0.902610028666665,0.9620466165351004,0.8820309397288657,0.9036332336673311,0.8851006759194802,0.9601309261343164,0.8981135433251363,0.897596782232859,0.9013651997534748,0.9051896146013733,0.8927364293157202,0.8923108146823259,0.9165993848080563,0.8549055496707331,0.88509896909754,0.9529388264117474,0.9419756643276834,0.9084504769910059,0.9385565540257217,0.9495566561221934,0.9262523040965569,0.9132845900729168,0.9514676275941073,0.952188586986403,0.8514390277361201,0.926274885376143,0.9527937643621511,0.9143523143415857,0.9259393107054096,0.9454112865876446,0.9200027264188027,0.9494327502987476,0.9482009439673696,0.9247398336099533,0.9035847804740224,0.9305718806107177,0.9297554772888507,0.928050212304945,0.8890471857744598,0.9398798351012824,0.9402376654046736,0.9406651131138608,0.9439423976146573,0.9478305826194158,0.9453115410303724,0.9323857931672396,0.9252967305103621,0.9495273824332265,0.949995695175003,0.925814076120637,0.9062391312536837,0.9142303066609536,0.9338425990273002,0.9290644503902771,0.9261950887093586,0.9178218235620796,0.9318057150172958,0.9430729204324675,0.9196197226571817,0.9110239876856391,0.9198615989855421,0.9523221048774179,0.9496947514106019,0.9285462813794283,0.9400016635262264,0.9295946891231649,0.9336186325895781,0.9395854510816259,0.9295400859640193,0.9426822599276803,0.9339397501686948,0.960586635266266,0.9421532157587094,0.9284236045374614,0.9447622525092572,0.9484429878686834,0.8632188276647959,0.8845717612140435,0.9357406227034828,0.9523029066430024,0.9366455375126492,0.9061763306967479,0.9240564449105674,0.9551147268721724,0.9363309122360485,0.9291069225706474,0.9396524133036968,0.9271939665933763,0.94845559245237,0.9099589980426122,0.9297053934499205,0.9233549764591615,0.9050114253157988,0.9510294135065089,0.9354606062560219,0.9532762595613283,0.939056267839618,0.9355342435681891,0.9390864714483151,0.9456029817071875,0.9477230656196097,0.9325022467317624,0.9238318902443101,0.9403873523780111,0.8683751374288077,0.9476377501118345,0.9268235688592573,0.9347587310944275,0.935390713365987,0.9548158699913786
GSM2674208,0.9107643666711568,0.9148842651887736,0.9393803236703941,0.9263911016563777,0.9241666654057573,0.8896737094856917,0.9019606107470913,0.9083337522908603,0.9138529108328586,0.9181300533955059,1.0,0.935917333344219,0.9229410846080487,0.9318429710355844,0.9248838749843238,0.8906623930883127,0.9164391367300193,0.9110898909395635,0.9096619116078888,0.9049796375395743,0.910808220731311,0.9089270941455191,0.8888416139468308,0.9250612997281484,0.9260070382105876,0.9287719777437119,0.9413690430920602,0.8904049634961176,0.9334317119579709,0.9004909062005483,0.9065916985888257,0.8402168552666428,0.9296296342504577,0.9154491896702346,0.9163173981615715,0.8973520269228128,0.9105993188652886,0.883661086182384,0.8769349502157003,0.8813494316121074,0.9195450464000466,0.8780815043395881,0.9327728439964527,0.9280414519081026,0.8958609341057281,0.9184687249670149,0.907079078202757,0.9267052163666193,0.9122909557155208,0.9051692514392836,0.9317275596604212,0.9299763488904428,0.907226197642163,0.9136810747462828,0.907152469245564,0.9172643315551137,0.909719494932476,0.9324883484670071,0.9264401045941716,0.9199675046815006,0.9096692897118615,0.9149648545183923,0.9168763599764647,0.9007382329826706,0.8797911752934671,0.9023325940415995,0.922595989850897,0.9181096795216094,0.8996245034517185,0.8552526186970457,0.8970786477925627,0.922289419378809,0.9165728845736001,0.8573116424858798,0.9317683894883395,0.9194869881868618,0.9260404905989228,0.9081523063684702,0.9227536979331229,0.9013602859253218,0.9111505161524899,0.9279873958335919,0.9184365706824756,0.9174774938895763,0.9323055365272831,0.9244811771073856,0.9224819820425862,0.928064121020049,0.930506975378602,0.920553594221433,0.8408861873263346,0.9120814798300753,0.924837001991577,0.9029190832386762,0.9125332792391313,0.927688317832194,0.8896532585596044,0.9403558462147649,0.9321746392063807,0.9179798610069729,0.8921727671216566,0.9223585202164009,0.9305385650674286,0.8991954997114705,0.9189382712535907,0.8993066796367657,0.8838096426464597,0.9214980237433926,0.9189976284334079,0.9102022023219261,0.8862656339397169,0.9229998064910716,0.9301308274550384,0.9148449152508561,0.9174561629514467,0.9169626913038391,0.8749937442969766,0.9080876025617559,0.8970610335333441,0.8937768798098862,0.8956262750933498,0.9086277226294417,0.9145563314973566,0.922310639595653
GSM2674209,0.9325156440727137,0.9232488883751896,0.9571896306229002,0.9444288232910102,0.9407818356469477,0.9168113793043788,0.9196990792532259,0.9133258763176306,0.9233035681565965,0.952796601963937,0.935917333344219,1.0,0.9279863242043583,0.9355458124229228,0.9381854619962846,0.9353758426610231,0.9124758203216791,0.9220136131507486,0.9208181900113088,0.9384276479379156,0.913559009395931,0.9187771116658268,0.9038783539964154,0.9359836112482128,0.922648956519209,0.9292687840749088,0.9431405755616709,0.9012313085636051,0.9206048462309231,0.9365140747921419,0.9397309565212343,0.8819516380257892,0.9391848235507837,0.9437308172352256,0.9303302342056087,0.9100712331986677,0.9403874203917223,0.927158399310216,0.876030542899084,0.9091504221280544,0.9423898486539666,0.9016374004726091,0.9343640714339405,0.9448868824397453,0.9146055139280983,0.9443484024214068,0.9362536190026264,0.9327852437959987,0.9185197447689436,0.9241555086785375,0.9407647051132957,0.9374681125614686,0.9070865107857619,0.9335557318900454,0.9306977721510796,0.9380821097884187,0.9354627453772197,0.9490379540173718,0.9436915362929653,0.934548971905569,0.937982040307284,0.9447932881666622,0.9425145084719929,0.9203574154996381,0.8991128135030816,0.9126508723252239,0.9353704336628452,0.9356299475011003,0.9220110906920512,0.8854805387271506,0.9269918043862979,0.9409951611355911,0.9316963217185944,0.8881436378428603,0.9361919181141954,0.9476827971164544,0.9435734841519137,0.9221590213625508,0.9450160430624024,0.9138300932344069,0.9259081636804474,0.9468908687714445,0.9324955331062018,0.9444676120897891,0.9445522212042373,0.9504915510082341,0.94349755299122,0.9408908896001474,0.9449433505170081,0.9473534028168515,0.8655247514479555,0.9134276897201163,0.9386893610644562,0.9396568425631339,0.9356627037666495,0.9241159515363291,0.9088704666308419,0.9575728564861248,0.9413193781804376,0.9284224115304034,0.9219686243288842,0.9321648082793409,0.9482883800219144,0.91222885109133,0.9335614536333007,0.9191928414751489,0.8933049503700118,0.9416013480497184,0.9326202931918801,0.9423314610462025,0.9190252179190759,0.9326223936889401,0.9514792069352873,0.9367993756483337,0.9398869800166766,0.9289109538120347,0.9092851862326969,0.934590080176603,0.8858811096763591,0.9285616425685514,0.9239162233725197,0.9318735715717815,0.9366270745185422,0.9446536839948958
GSM2674210,0.8768831603687814,0.877748575286479,0.9113505031849334,0.9033128344947342,0.9046272046307543,0.8744872509227728,0.8834601818644152,0.8835298104462045,0.8710075725495365,0.9020510615794044,0.9229410846080487,0.9279863242043583,1.0,0.8942025921744171,0.9411319777226638,0.858801563201817,0.9221028934476261,0.9218561090226614,0.9336341722092396,0.8961130516115201,0.908125770526614,0.91169265600403,0.8858716907805256,0.9216019152754608,0.9049469708720701,0.9249703372201413,0.9211072274739726,0.8940437260769847,0.9249060331277058,0.8757096827770121,0.8704482539240559,0.8174531022975676,0.9091972078613559,0.9053448093847258,0.8952275510980003,0.8593205672090969,0.8968372596973401,0.8642043252482549,0.8334212718701176,0.8600012597032061,0.8919150361164181,0.8606457848871116,0.9064222537831729,0.9159919329578867,0.8808974957769085,0.8891432820862343,0.8861587235141131,0.9078584707347974,0.8791179056002064,0.8932195832851848,0.8906041693622557,0.9023250214916344,0.8896205441177293,0.8901868247668898,0.8845860622961916,0.8869221589460461,0.8959176504400685,0.9032283244056808,0.9062670581126789,0.9126267965951306,0.9070200368084939,0.8898058450369547,0.8954286949156653,0.868326892801826,0.8599953614566674,0.8837452125117323,0.8949830561429187,0.8990579642547539,0.8881759798191228,0.8431024992094253,0.8918735927974721,0.8993398952733849,0.9127757521725783,0.8409788107528215,0.9069061070216096,0.8986622635112214,0.8923293574389252,0.8918494368999468,0.9075263333000957,0.8682140513070611,0.8791494043201012,0.9182269121286694,0.884551344744611,0.8913586807576057,0.9139824004672189,0.8925087986790237,0.9144032922628083,0.9149511589671534,0.8990567281226314,0.8899040491341303,0.8700708104427973,0.9043943744110045,0.9100620526625764,0.8818839420670647,0.8959330814913993,0.9092460780704069,0.8808162206930992,0.9050539538206317,0.9142668680403847,0.8971497853974044,0.8649636323866827,0.9048998348501301,0.9013082836213194,0.8736165711277799,0.8945868673932378,0.8830202374866277,0.8568998726915705,0.8887633648853226,0.8979636444313818,0.8931462434961199,0.8701898326650835,0.8979861270204361,0.909883023333273,0.8871223304470123,0.8934414290780253,0.8945345114551757,0.8744805492492523,0.8896841775735627,0.8745611523415765,0.881632484201869,0.8746720680983383,0.8792193824318861,0.8844917494385783,0.8887775844926238
GSM2674211,0.942899199635873,0.9466994943741501,0.9523863875197635,0.9448171130440176,0.9467790689991559,0.9145217103331499,0.9553169010588851,0.960572187515356,0.9472515823558987,0.926883277536812,0.9318429710355844,0.9355458124229228,0.8942025921744171,1.0,0.909731819626804,0.9020117495692768,0.9065330715553195,0.8981807368035549,0.91599090340495,0.9095696988392736,0.9158560425612293,0.924876673331258,0.898756417327149,0.922586450763147,0.9225218969550437,0.9244458278118414,0.9505846474455474,0.8977015538287383,0.9104590823893266,0.91920805395947,0.9198563540839267,0.8399397876643391,0.9500738785604157,0.9409046655484921,0.9347705645418202,0.9210401330269014,0.9173886884104699,0.8940473078176339,0.8938228970052992,0.8954081591928589,0.93721049802371,0.8943803570354921,0.9507608070596077,0.9348775044806665,0.9272519103805282,0.924796052252672,0.9210074886710722,0.9399362740914579,0.9369873786488871,0.9198861060859642,0.948164400797018,0.9488963630381214,0.9249250398966338,0.9392144271693288,0.9309814406190255,0.9397688244209162,0.9207529393528296,0.9508287085023834,0.9493420847149034,0.9269878876400905,0.9301080112742377,0.9219912754186267,0.9412940706698125,0.9203044180343364,0.8953546053289736,0.9245341806038573,0.9468373255720223,0.9420470379446392,0.9120349287570745,0.8668700023498415,0.9090567610200317,0.9399728771780341,0.9345009556600399,0.8746376549131983,0.9415430130250589,0.9320050571875426,0.9387682028795333,0.9254691809379236,0.9338158274172718,0.9282458743784836,0.9487060961531063,0.9278414808935559,0.9454544162132551,0.9265010997138253,0.9519267671636312,0.9407777225605092,0.9353515945992282,0.9317888680426138,0.9470398194767038,0.9281066600746739,0.8330960105495181,0.9032476218193964,0.943775555613861,0.9095371395625463,0.9360404490797432,0.9334091799757623,0.905226317531164,0.9505306208558079,0.9539516956400381,0.9335461290203724,0.903722208003683,0.9414076846774808,0.9521328589544418,0.915849366189444,0.9299868035445861,0.9133982120395051,0.9129212721720816,0.9523275271807544,0.9456906678968104,0.914084869337271,0.897705194495868,0.9429731528468307,0.9285826451605573,0.9202708795961497,0.9384337035091256,0.9353036687797366,0.883764841581287,0.9219092001680634,0.919271698941022,0.909066890125906,0.909895450924746,0.9318936123871595,0.9337587117670332,0.9315159989285605
GSM2674212,0.8682547181192602,0.8792452860700467,0.9191515370309281,0.9032027914773845,0.9160629899585485,0.8852165458825612,0.8969781342269724,0.8925130293532406,0.8838824562963528,0.902610028666665,0.9248838749843238,0.9381854619962846,0.9411319777226638,0.909731819626804,1.0,0.866031792389103,0.9277569523127454,0.9206486994839271,0.9330093026582856,0.885001711403337,0.8960360268275731,0.926612309269176,0.8714733537227815,0.9312101985323454,0.9119683687665209,0.9400528938588858,0.9299734903657566,0.9106298935963352,0.9249469517949894,0.8773190124080361,0.876044118056748,0.8216513491064097,0.9089157598002763,0.9010371329414423,0.902933792719547,0.8636613083126625,0.9075339972484906,0.8721308377212191,0.8311843917793,0.8738396159886117,0.90323286585427,0.8736599502818676,0.9154576782955245,0.9261946373456282,0.8901257687617053,0.8976725435313745,0.9083634487625178,0.9098544575077261,0.8809659825840995,0.9056053802616387,0.912397159764306,0.9089667336664179,0.8929800530076093,0.9034755055383331,0.8954657977585986,0.8832156853732026,0.9035843990022004,0.9194842860699602,0.9105143261868534,0.9306524398397281,0.9222430374526076,0.9030263332300095,0.9023966520499032,0.8794901720250888,0.869273822224652,0.8758308099548398,0.9000015421276052,0.910289143251729,0.8991689309678219,0.8605449970878232,0.8906271938035519,0.9194224925653477,0.9105995036505125,0.8410933506509236,0.9131098032290001,0.9133965025057196,0.8990201715957843,0.8853986439618521,0.9188993834898517,0.8717946974258767,0.8837518203376028,0.9322222606609578,0.8826505803815752,0.9089672937069606,0.9214188987417182,0.9016795476465806,0.9222101086298109,0.9104475679185708,0.9060753948570618,0.9044266846887363,0.8805893963743286,0.9013157434955336,0.9187407699961383,0.8988747175431283,0.889790449944317,0.9042997634092179,0.8903945151117958,0.9203419665149163,0.929578510719927,0.9107507713003942,0.8815686427147339,0.9163572307869126,0.9163753346823824,0.8818392736518046,0.8847356009775098,0.9064257729983076,0.8717448665348508,0.8998029409097367,0.9108910628866849,0.8970365932400188,0.8813051739887823,0.903587998879475,0.9167260222663141,0.8996424550910125,0.9036969745697663,0.9082316169605523,0.8964220051284432,0.8862501815059234,0.8651173062392252,0.8845809240303149,0.8826760620080748,0.8860174989375436,0.8992814455052842,0.9027238777968895
GSM2674213,0.9218183114487501,0.9151584546739052,0.937662648746843,0.9200216647772372,0.9355567237506136,0.9252378814036434,0.9040744711324669,0.8860404553752093,0.9092797398351142,0.9620466165351004,0.8906623930883127,0.9353758426610231,0.858801563201817,0.9020117495692768,0.866031792389103,1.0,0.8376902518782117,0.8795425899759605,0.8457866688467995,0.9585710700697895,0.868208741436279,0.8616710306225213,0.8802517476751238,0.877252775678864,0.8530329873734962,0.8623038646389131,0.8751689136377039,0.8272964089007783,0.8448611455405937,0.9522509732236263,0.9462963957919528,0.912532810179,0.9148961660024557,0.9267325306644413,0.9063939431751946,0.9016220034817329,0.9384779801085105,0.9521682442456025,0.8327853994134887,0.914960142534845,0.9376391608699062,0.9085040474571233,0.8909752630355187,0.9241876405952352,0.9002196812602545,0.9392181773443679,0.9348536145004951,0.898563372820108,0.8836873121137199,0.9086377246883708,0.9121354997801013,0.9062256079531809,0.858502611478491,0.9236630986453115,0.929371444618206,0.9233463423659204,0.9274269453417158,0.9319932107749426,0.9317587276271065,0.9090070438548649,0.9074501992447802,0.9440062856387625,0.9379986512395918,0.9126674145191486,0.9006356469800997,0.8889672985989672,0.9177803251255615,0.9102018333446438,0.9125279461088026,0.910374585273789,0.9186058284725331,0.9273163151750753,0.8922197347340343,0.9120179200290914,0.8913092730492247,0.9415156434226987,0.9399423893706995,0.9077663651184893,0.9226346315518995,0.9182335691845211,0.9140363308742342,0.9201230251772571,0.909053659712807,0.9357288960063072,0.9098626592557199,0.9512577396612281,0.9116981748381778,0.9077333388280088,0.9244468582871233,0.9379313621298969,0.8483893435820962,0.8601935813430917,0.9067276838096514,0.9444864371613312,0.9126190101464677,0.8824735632078022,0.9007976934626396,0.9394919584916601,0.9088079969233228,0.9095197346987091,0.9397669115010521,0.9104821240392886,0.9292388247575724,0.8931155137220769,0.9211441780242388,0.9116580996616853,0.887274265361796,0.9387852490234286,0.9127819593629121,0.9424339300999516,0.9305282208818694,0.9151244198822475,0.9274426857363629,0.9394874722727722,0.929763240705215,0.9109755706944469,0.9084665531972937,0.930934151091031,0.8356724805246445,0.9350463236392877,0.9177467787235986,0.9213496095596527,0.9259707123803448,0.9443471588623773
