,GSM2674196,GSM2674188,GSM2674189,GSM2674190,GSM2674191,GSM2674192,GSM2674193,GSM2674194,GSM2674195,GSM2674177,GSM2674178,GSM2674179,GSM2674180,GSM2674181,GSM2674182,GSM2674183,GSM2674184,GSM2674185,GSM2674186,GSM2674187,SSP_4,SSP_3,SSP_7,SSP_8,GSM3304988,GSM3304990,GSM3305006,GSM3305012,GSM3305060,GSM3305062,GSM3305064,GSM3305069,GSM3305076,GSM3305078,GSM3305083,GSM3305085,GSM3305086,CA.1,CA.2,CA.3,CA.4,CL.1,CL.2,CL.3,CL.4,CL.5,CL.6,CL.7,CL.8,CL.9,CL.10,HP.1,HP.2,HP.3,HP.4,HP.5,HP.6,HP.7,HP.8,HP.9,HP.10,AP.1,AP.2,AP.3,AP.4,AP.5,AP.6
GSM2674196,1.0,0.9781684201829284,0.9805588889820656,0.9334405978916823,0.9381495416078613,0.9420338075598144,0.9251237775360982,0.9651102700260955,0.9687892079411695,0.9710222424107532,0.9707428278059363,0.9765028977462239,0.9734825177349806,0.9665024602388782,0.9721298634919102,0.9358786731138549,0.9668172601573164,0.939881095656527,0.9712752108331204,0.9493677659116452,0.9105098616849266,0.9488416768635896,0.9417284781454316,0.9324357906745123,0.9082861487233566,0.900055340084136,0.9453806994242946,0.9252209495831534,0.9574562995468304,0.9462733737709881,0.9229049454169572,0.896526098590016,0.9292222086927133,0.903957884351871,0.9526016856235985,0.8612239576748697,0.9339871531782404,0.7086954694285623,0.7650511545882278,0.6727698731305827,0.8004833124374742,0.9549601107630248,0.9505381335030536,0.9341119682740965,0.9554147557717582,0.9534244173970047,0.9513106790387436,0.9530166027989928,0.9536583890724021,0.957273693621428,0.9547230458391274,0.9452639376818496,0.9324249199919196,0.9234927073475057,0.9336704000603668,0.9281391325541227,0.9062290596034819,0.9128684868017828,0.9166111091416842,0.8721043293283514,0.9410735838304165,0.9539021402204262,0.9464388084182754,0.9595948757729061,0.932799584588298,0.8215111866593501,0.896135828582349
GSM2674188,0.9781684201829284,1.0,0.9780352444975853,0.9358422760869418,0.9506442365193476,0.9478329570097788,0.935292228253669,0.9716665756827688,0.9612542590670218,0.9779076276059259,0.9681299177528488,0.9733686604445231,0.9723332119781734,0.9721293185371772,0.9709765483688293,0.9461422201365096,0.9727609419919349,0.9412800875790238,0.9693323324859512,0.9564093306522837,0.9052779733801815,0.9453469655685091,0.9380621184822783,0.9271036407715395,0.906846265446313,0.8992914710469015,0.9388860680815405,0.9268453580472986,0.9538683392740562,0.9442818694526034,0.9246084433085038,0.9001878017347782,0.9283655578797448,0.9053759738882651,0.9515784053338368,0.863790498861276,0.9395664929163573,0.7143852352585268,0.7668190759639751,0.6731835283754228,0.8056265425789735,0.9536400363310031,0.9437657511945978,0.9277613204814542,0.9520165490875352,0.9432210262305463,0.9500071427258436,0.9587716010677605,0.9510873691884669,0.9539885201533758,0.956857369195562,0.9472799949771693,0.9197737462517281,0.9140673328563672,0.9264295566808131,0.9164625090441845,0.89728549534046,0.9010702863335132,0.903569992680607,0.8610664967128577,0.9452669579793354,0.9585294939619456,0.9487101560767602,0.9622705474575833,0.9272535926093893,0.8192902613650465,0.8975553485499089
GSM2674189,0.9805588889820656,0.9780352444975853,1.0,0.941660745053776,0.9461462777988328,0.9454250449972366,0.9255439959107697,0.9672643246571426,0.9603663318056757,0.9710953229304846,0.9746493303615544,0.9810390663719191,0.9792361730271708,0.9717834447323122,0.9748388114701422,0.9279289502532961,0.9686496678599948,0.9258376304821613,0.9779649007245844,0.9490333696932312,0.9224970076206005,0.9449596453312509,0.9386886471554352,0.926329675673205,0.9092660237751089,0.9011919267703761,0.9419602558973121,0.9228197163400838,0.9584671369723772,0.9489435894900806,0.9229951469100016,0.8960015915440871,0.9300974884212488,0.9071755961424236,0.946648983908337,0.8443685752196769,0.925220680551278,0.7061771967885418,0.7408105829377453,0.6553917661984691,0.7935778855296126,0.9574580099005953,0.9566829472034291,0.9418549198535513,0.9599520815444087,0.954412801946884,0.963046896275203,0.957132796621025,0.9590256361892598,0.9588652530744667,0.9571569773661717,0.9494757495019304,0.9301899225154562,0.9274594201612596,0.9343658878530846,0.9368513040425389,0.9049464147766704,0.9197507555438256,0.9149043978092286,0.8762044811257395,0.9444047046117006,0.9494249898637219,0.9480242660327028,0.9592313120129585,0.9206874055281272,0.8076877641632766,0.8857148281161931
GSM2674190,0.9334405978916823,0.9358422760869418,0.941660745053776,1.0,0.9817692914311554,0.9857222561208945,0.9786650226000178,0.9642199119248528,0.9556274886769317,0.9583391230586163,0.9611229816596848,0.9592338406356737,0.9626255876786272,0.9617917823003578,0.923242592686307,0.9585387438771754,0.957863514496069,0.9340073851589652,0.9688670192997416,0.9589329717269798,0.9037692993323753,0.9170342187989863,0.9123285879396053,0.9038713271157515,0.9166552086423583,0.8638570935064221,0.9132862246987405,0.9194854296483573,0.9295090731565543,0.9215304544133435,0.8858954917225258,0.9139060474176273,0.9182652997021836,0.8685102084753724,0.9120158923565397,0.8498383924047845,0.9101070031091254,0.713523922853141,0.760251358391937,0.6071126628438202,0.804385453284476,0.9170627532153717,0.9144774981447701,0.8988662241958386,0.9242727235061877,0.9238645877606333,0.9311268254291609,0.9214398423044398,0.9402987433773834,0.9100250065859534,0.9206527744627365,0.940453834404017,0.9006887241294026,0.9205605477112301,0.9095126352911159,0.9111487949439724,0.9151635535870019,0.9329889612739086,0.9216239726882542,0.8889941798355244,0.9480597519246384,0.9195129090420352,0.9327342353567948,0.9092058840941637,0.888384723284252,0.7681426788223406,0.8867176409936003
GSM2674191,0.9381495416078613,0.9506442365193476,0.9461462777988328,0.9817692914311554,1.0,0.9836415661068383,0.9804872257236212,0.9721957734468492,0.9553734294807149,0.9657051768814123,0.9609285346051779,0.961161602485754,0.9651396640333377,0.971119432758395,0.933456768319413,0.9626660848239821,0.9657200888423368,0.9326028670144889,0.9682123824502448,0.9614355419988665,0.9029012237975934,0.9202168828182339,0.9146515124051227,0.9041170970223641,0.9144949946244372,0.8705022253858195,0.9149883950297512,0.9188805724589634,0.9304654291751908,0.9238294603948918,0.8926906035275778,0.9145200678520992,0.9209310691350355,0.8776164054518233,0.9220794716890767,0.8497326549748114,0.9203286918651226,0.7142150508611143,0.7609273104433385,0.6121134888506269,0.8087267611903497,0.92315906117472,0.9125226635877872,0.9017032841190301,0.9308115162175102,0.9225148503766936,0.9358478419186991,0.9331005025786722,0.9424559972678941,0.9186568768158173,0.9289743634019928,0.9468375349760042,0.8940859365651104,0.9121673244672353,0.9058313756608806,0.9068293453813976,0.9030343290000431,0.9215072451919007,0.9102397282732834,0.872956176526201,0.9470377065525358,0.9352378855189478,0.9374215374120052,0.927340986968254,0.8962990534280304,0.7789386860819328,0.8879692175373114
GSM2674192,0.9420338075598144,0.9478329570097788,0.9454250449972366,0.9857222561208945,0.9836415661068383,1.0,0.9807881689126402,0.9726768277060239,0.9645209485108897,0.970055791645309,0.9661508437390889,0.9647053772243159,0.9650728860798028,0.970714673129048,0.9293236503921868,0.9665032751252908,0.9638752793249061,0.9419933526057767,0.969510461575391,0.96317868697091,0.9025558396094432,0.922851804640847,0.9174519256380208,0.9109948777333394,0.9195846000630158,0.868713792335611,0.9200424019994177,0.9245919663529718,0.9362822552710041,0.9239535548975394,0.8912275502455967,0.9190873955521116,0.9235399482245212,0.8737930692016115,0.924833622072008,0.8672050105562953,0.9217973946774246,0.7194570204300096,0.7790838177734406,0.6216289099881052,0.8163643399046918,0.9228248388869639,0.9161825606288061,0.8984284193929699,0.927694665876681,0.9252104127354869,0.9310188053707391,0.9289520364569812,0.9427783739259623,0.9177856737715883,0.9259712252249096,0.9436017913625816,0.9022205827881037,0.9170187021572245,0.9114444515347905,0.9088718232545928,0.9169387056920317,0.9279977161508374,0.9198367047301355,0.8846321382589559,0.9525504991166119,0.9302408529699625,0.9371320030820229,0.9189861346196506,0.8983815171948609,0.7811666090377261,0.8947670975614045
GSM2674193,0.9251237775360982,0.935292228253669,0.9255439959107697,0.9786650226000178,0.9804872257236212,0.9807881689126402,1.0,0.9590359886134262,0.9478074393374687,0.9553006460193088,0.9539084473782308,0.9475373298178356,0.9502351815170588,0.9542303831401089,0.9206355817987005,0.9665727491109096,0.9597883198368157,0.9397092921181819,0.9561420410336107,0.961742609385984,0.8910246641475329,0.912790378442865,0.8990455959230566,0.8981509698370813,0.9159858132572873,0.8623646323769227,0.9043410671831911,0.9148856741741922,0.9160893155048055,0.9171973190564697,0.8788014510993509,0.9118418559527321,0.9174759333052775,0.8616683384406851,0.9150115706003779,0.851225019698275,0.9114257900538613,0.7215290426769159,0.7749137326372038,0.6199433153314353,0.813444476358218,0.9078824131829085,0.8971214447378473,0.8875973409083479,0.9126704629786726,0.9149335622977803,0.9229120537669648,0.9162044422588466,0.9299531096184472,0.8992438090250441,0.921103178358874,0.9409359702106096,0.8913649613617001,0.9109548505836628,0.8981886581070919,0.8907557566515865,0.9054549110377506,0.9184169005835647,0.9134161987533737,0.873141716666525,0.9394340562510052,0.925974147965638,0.9337929618571716,0.9126957867730529,0.8925602500760395,0.779046982514949,0.8934719584258161
GSM2674194,0.9651102700260955,0.9716665756827688,0.9672643246571426,0.9642199119248528,0.9721957734468492,0.9726768277060239,0.9590359886134262,1.0,0.975673697178608,0.9845109213434703,0.97958213509991,0.9797638085284008,0.9821644277287114,0.9838353839946429,0.9635079207254249,0.9572145851945469,0.9743074067469024,0.9389881714961825,0.9775371263110862,0.9603903659999565,0.9145061025228275,0.9401945381036583,0.9373774796088435,0.9257428255025181,0.9221671964591146,0.8919499951711322,0.9360424838007645,0.9318888331607558,0.9539766433001684,0.9415160252228089,0.9157757104526314,0.9137768155289226,0.9349062799864801,0.8993100842154981,0.9462369407692095,0.8645235501119003,0.9395506267938883,0.7290954905519039,0.7776888351414997,0.6503027407464635,0.8235773037283585,0.9493082328174599,0.9369788302102634,0.9205001696162292,0.950563412897387,0.9466388855608774,0.9485093584547898,0.9562739321133804,0.9547935646912886,0.9463802799396386,0.9537850338750459,0.956083599567036,0.9229170321510819,0.9196127406917654,0.9287298036619154,0.9272771367980074,0.917846108278088,0.9234659394497128,0.914841370802443,0.8795627318165077,0.9562213576324762,0.9513061420850639,0.9472968615298737,0.9503260615778084,0.9168175314476216,0.8125833617150128,0.8949469648189188
GSM2674195,0.9687892079411695,0.9612542590670218,0.9603663318056757,0.9556274886769317,0.9553734294807149,0.9645209485108897,0.9478074393374687,0.975673697178608,1.0,0.9748302361856898,0.9715865872790723,0.9733437672922408,0.9744785570454298,0.9711290132675998,0.9536565446218233,0.9493174387203651,0.9639146912010227,0.9456913574595578,0.9735146256014687,0.950727414852419,0.907921163253876,0.9431259388049534,0.9404881525452038,0.936174483300426,0.9230403599106545,0.8912068098786239,0.9430436438934517,0.9333901008284939,0.9516023147578117,0.9402572905603376,0.9089799219260067,0.9126022096420543,0.9335281242869123,0.8901478657612247,0.9479104990852127,0.8793182553093242,0.9374941483800134,0.7341972159899921,0.8052772041270065,0.6801690043814882,0.8333010459278698,0.9420184048957301,0.9349044521952456,0.9069668650661544,0.9457214513735509,0.9497913721988631,0.937550393670518,0.9445895909976397,0.9516845599764675,0.9427836934962357,0.9455268598885856,0.9459715200096288,0.9309999115256864,0.9261700740552982,0.9282376131573096,0.9258096730460628,0.9320003451779726,0.9294720756905113,0.9255315656875996,0.8903314384728285,0.9514366416901405,0.9461477681430465,0.9405332797731891,0.9386610580703344,0.9193297354789436,0.8242390199137336,0.8984747765541916
GSM2674177,0.9710222424107532,0.9779076276059259,0.9710953229304846,0.9583391230586163,0.9657051768814123,0.970055791645309,0.9553006460193088,0.9845109213434703,0.9748302361856898,1.0,0.9804941528288683,0.9817886444810213,0.9765142533997111,0.9812777248094807,0.9601194727662611,0.9640659905285739,0.977743034951944,0.9486316638706055,0.9753254509532346,0.9688639565523768,0.9114567008113913,0.9427334847627965,0.9372367731989365,0.9297112392611828,0.9251680564850594,0.897640292359531,0.9414149679440362,0.9389254566982418,0.9581041760745252,0.9450319823931335,0.919975065907757,0.9194333283338426,0.9390579817060504,0.9005438727731018,0.951430172842966,0.8819800447124752,0.9432177593185128,0.7337648277361212,0.7917870845168197,0.6660829720439998,0.8303043270207375,0.9535739521536496,0.9430235555641421,0.9199479593787635,0.9514228641824953,0.9437975271530229,0.9460954231957877,0.9545304628765048,0.9559936700282151,0.9462291153002401,0.9516399142816896,0.957232153129334,0.9240982847001781,0.922322846877587,0.928133985479447,0.9197927557036116,0.9207724762560625,0.9232769689566476,0.9228025916300966,0.884011501948497,0.9624361135942379,0.9567634378104435,0.9507487215135977,0.9518270167948675,0.9288175937459417,0.8169110138436304,0.9103716228013019
GSM2674178,0.9707428278059363,0.9681299177528488,0.9746493303615544,0.9611229816596848,0.9609285346051779,0.9661508437390889,0.9539084473782308,0.97958213509991,0.9715865872790723,0.9804941528288683,1.0,0.9815812633735104,0.982194771278974,0.9789510689818706,0.9702579527241549,0.9503382589897108,0.9798810590593229,0.9385408666715932,0.9799295193989244,0.962568385448949,0.9279679048183588,0.9495860300900982,0.937712924139733,0.9325100929246878,0.9248147102659111,0.8995635283503681,0.9401274678976361,0.9308460952209487,0.9575600344374176,0.9508664669420118,0.9173587076386953,0.909531252587309,0.9401477013223187,0.900564927379691,0.950957761598408,0.8599941418987459,0.9303797573969476,0.722639872228839,0.7671559154542549,0.6423023189393896,0.8144443138465369,0.9460663174777795,0.9443569447517105,0.937332537651859,0.9502625088163635,0.958685710182076,0.9601929201083576,0.9507958928198511,0.9561400209505627,0.9471245187164565,0.9558815989639876,0.9590577985359201,0.9363085933717311,0.934335491122416,0.9426054181944602,0.941598736235506,0.9261795223288958,0.9368044412083492,0.9300711938418109,0.8923658242215684,0.9521958342701985,0.9505139615960797,0.9550697163949736,0.9536015783993685,0.924348956084768,0.8105206135547877,0.8986644450699042
GSM2674179,0.9765028977462239,0.9733686604445231,0.9810390663719191,0.9592338406356737,0.961161602485754,0.9647053772243159,0.9475373298178356,0.9797638085284008,0.9733437672922408,0.9817886444810213,0.9815812633735104,1.0,0.9851402998487305,0.9779370927999419,0.9703584211005158,0.9488288042560487,0.9755004951505529,0.9397257781730737,0.9832413343741474,0.9621980339815919,0.9276708611421199,0.9464798881536606,0.9399535179652195,0.9289671575438401,0.926347312882174,0.9053616046767229,0.9423047924737202,0.9365244347445482,0.9607245888002416,0.9518781438560309,0.9260243309987586,0.9135585384097166,0.93958296493556,0.9099659043884167,0.9484602392713348,0.8569239102406618,0.9356408072775801,0.7327575851077581,0.7673127361761739,0.660238673026849,0.8226677152684305,0.9570183325752267,0.9543702598983345,0.9397618242963662,0.9611819788856228,0.9575844274115597,0.9613366865535006,0.959989103202567,0.9668429165015802,0.9559493039749732,0.9606920490540858,0.9615815005910668,0.934980739833118,0.9361876010708757,0.9370369171779809,0.9365715925826459,0.9207200104483889,0.9384451998113132,0.9332811061028364,0.8908208975276976,0.9591696656991303,0.954162552704,0.9561676668053252,0.9552686916157828,0.9253702932417082,0.8175953765060175,0.9017070321642028
GSM2674180,0.9734825177349806,0.9723332119781734,0.9792361730271708,0.9626255876786272,0.9651396640333377,0.9650728860798028,0.9502351815170588,0.9821644277287114,0.9744785570454298,0.9765142533997111,0.982194771278974,0.9851402998487305,1.0,0.981447713499836,0.9721305222747496,0.9463963541603978,0.9751744240651976,0.9337844716507054,0.9864292406559438,0.9591509824979558,0.9263042702316465,0.9460255582356768,0.9417823610046174,0.9297134393208044,0.9192748453195043,0.8957931652541037,0.9405166481198282,0.9293870491634159,0.957035644955081,0.9457840021549806,0.9201467806302428,0.9079491800534235,0.9340597763226882,0.9039683393865566,0.9463758822440681,0.8487526123013347,0.9341160052462021,0.7197163166733945,0.7572811367638529,0.6427675799538327,0.8109785876471994,0.9502524745312682,0.9467602867059115,0.9329926470267199,0.958738986808367,0.9580360285860319,0.9608865286903722,0.958934347519881,0.9619977991941635,0.9559073429520258,0.9575232581311998,0.9574724928958402,0.9306260627691875,0.9297176345575512,0.933371460652856,0.9396261965540985,0.9175678169540994,0.93304795474882,0.9218965745103707,0.8845177091065105,0.9526076826671083,0.951105376349039,0.9496788508595174,0.9521434191495972,0.9157211213559744,0.8105991279534819,0.887058830266556
GSM2674181,0.9665024602388782,0.9721293185371772,0.9717834447323122,0.9617917823003578,0.971119432758395,0.970714673129048,0.9542303831401089,0.9838353839946429,0.9711290132675998,0.9812777248094807,0.9789510689818706,0.9779370927999419,0.981447713499836,1.0,0.9612412025758554,0.950795226682594,0.9769749757371586,0.9287526390019958,0.9780333712096619,0.9559169501660604,0.9182010667225209,0.9437191085380692,0.938909507298267,0.9276396716580753,0.9128765189595857,0.8863594450721642,0.9340569015491285,0.9234330712418191,0.956072025655762,0.9356884196274509,0.9111801247388424,0.9083189584097909,0.932126146462292,0.8964242990323761,0.9444202034310456,0.8578371997403779,0.9328565262734531,0.706679928050739,0.7578859402520416,0.6243525466549953,0.804650469297045,0.9399069294889454,0.9335207176822619,0.9219314033690021,0.9505095970817539,0.9418649145494246,0.9514929129523909,0.9507405362937118,0.9533662832994676,0.9451702354622503,0.9455713309193313,0.9521008123411938,0.9139944371948663,0.915417649562237,0.9260787524189482,0.9301814667612699,0.9084981327090658,0.9198367219460534,0.9073252788227789,0.8728274405389311,0.9513734646244743,0.9487505919386896,0.9447639756461479,0.9475675926810336,0.912049184729959,0.7973848131230016,0.8880102611674874
GSM2674182,0.9721298634919102,0.9709765483688293,0.9748388114701422,0.923242592686307,0.933456768319413,0.9293236503921868,0.9206355817987005,0.9635079207254249,0.9536565446218233,0.9601194727662611,0.9702579527241549,0.9703584211005158,0.9721305222747496,0.9612412025758554,1.0,0.9166154640781043,0.9649342652829154,0.9230515994867955,0.9674344837695518,0.937617454994496,0.9115189813033829,0.9445777857262446,0.932361034983344,0.9223538328658204,0.9011853027558467,0.8976597908761428,0.9317601327242739,0.9119438020615206,0.9499621924166177,0.9456470095272641,0.913662172892914,0.8800260706977968,0.9200568091952165,0.900990407918351,0.9460537722063249,0.8303431056177248,0.9208050755070964,0.7074069967308148,0.740601031908737,0.6580902453377858,0.7921347966570588,0.9451656938720203,0.9418740791751579,0.9372289136393945,0.9455398364623289,0.956878562395796,0.9578781186385323,0.9527280893111493,0.9452162474366758,0.9505735885637867,0.9614446883352479,0.9448193165924517,0.9314899029226517,0.9219005372346853,0.9357051408515418,0.9339591966216955,0.8973140750716349,0.9101570634882408,0.9081524975103601,0.8620539797233471,0.9285298471129844,0.9461361016930205,0.9446127879508845,0.9585764680160959,0.9146584514278293,0.8172268422159086,0.8755420662732859
GSM2674183,0.9358786731138549,0.9461422201365096,0.9279289502532961,0.9585387438771754,0.9626660848239821,0.9665032751252908,0.9665727491109096,0.9572145851945469,0.9493174387203651,0.9640659905285739,0.9503382589897108,0.9488288042560487,0.9463963541603978,0.950795226682594,0.9166154640781043,1.0,0.9630347632998234,0.964589705033543,0.9552945028985116,0.9794602354663177,0.8806782185015197,0.9187985145354601,0.9088734155546618,0.9036377979844733,0.9176677286882365,0.8686790530916145,0.9162001890283032,0.9273641959188984,0.916376875142502,0.920003675327019,0.8932518733448439,0.9177401534809398,0.9220045903764175,0.8725183653009524,0.9228756002998322,0.8740254138880491,0.9285142307765583,0.7315474394567073,0.8060325497939984,0.6463946827218946,0.8243124402418083,0.9217913810039327,0.9025123015242937,0.8824459347204251,0.9201629754785355,0.9124614626692833,0.9128926427172075,0.9280333938009098,0.9368411654468594,0.9053936210578775,0.918324635245461,0.9389997608762174,0.8926965384938237,0.909449486629818,0.8873802438849788,0.8711375181754221,0.9044247417915129,0.9066634957078309,0.9166089793787958,0.8685175160284799,0.9473173400827266,0.9368989639329062,0.9409380324479422,0.9226769646548286,0.9116792510387072,0.8014636996576129,0.9132924728121143
GSM2674184,0.9668172601573164,0.9727609419919349,0.9686496678599948,0.957863514496069,0.9657200888423368,0.9638752793249061,0.9597883198368157,0.9743074067469024,0.9639146912010227,0.977743034951944,0.9798810590593229,0.9755004951505529,0.9751744240651976,0.9769749757371586,0.9649342652829154,0.9630347632998234,1.0,0.9428382783839262,0.9756635061576141,0.9713011828695124,0.9195231642787381,0.9490176296255511,0.9325690669340448,0.9296173057479845,0.924622737110718,0.8996009065368978,0.9344190420394327,0.9302615117083516,0.9470972537531882,0.9469388410897576,0.9184004995550772,0.9147191910242698,0.9429915938506241,0.898663342680363,0.9488198481402245,0.8599609427489514,0.936329853512004,0.7233238711010034,0.7728306751298988,0.6459220926341357,0.818757085852881,0.9445388083383857,0.9355505342230497,0.9286399570471404,0.9519021431856082,0.9443884170050011,0.9568150655684025,0.9512511639620943,0.9565835294957455,0.9409000751058315,0.9560891826031114,0.9603323586325128,0.9200582549919368,0.9242050892408934,0.9247077035680504,0.9195160788949768,0.911103201485134,0.9244591567385853,0.921606764357961,0.8800711244770155,0.9528066352130962,0.9603819066832214,0.9573279518605229,0.9580017453419148,0.9304629163436418,0.8127752011310834,0.9103933299115604
GSM2674185,0.939881095656527,0.9412800875790238,0.9258376304821613,0.9340073851589652,0.9326028670144889,0.9419933526057767,0.9397092921181819,0.9389881714961825,0.9456913574595578,0.9486316638706055,0.9385408666715932,0.9397257781730737,0.9337844716507054,0.9287526390019958,0.9230515994867955,0.964589705033543,0.9428382783839262,1.0,0.9463299663880601,0.9661581729108671,0.8691652404274172,0.9198835492056662,0.9106969934999576,0.9055130191640351,0.9016684687063461,0.8674014647997546,0.9176143501470039,0.9186471867474246,0.9229934077977472,0.9195503460603446,0.889568282849144,0.897634352163309,0.9047528532205124,0.8717531576682293,0.9215444419697539,0.8765552983101611,0.9151686142382929,0.7214913853088176,0.8050366679172296,0.6753960130140508,0.8091250264035388,0.9150469419082174,0.9022225012602759,0.8819007467967072,0.9075406151935572,0.9202235891815006,0.9041494484237045,0.9153212261924021,0.9272176955245574,0.9037302238858741,0.9163750456411082,0.9219647519403047,0.906229369283386,0.9208706927214559,0.904457601915199,0.8780286651035933,0.9030840641198237,0.9008255124940965,0.9236206998931623,0.8656243310410519,0.9288160752883401,0.9234017743529093,0.9348171757549235,0.9134400453060737,0.9030147606364527,0.8023893698552574,0.9091002109629109
GSM2674186,0.9712752108331204,0.9693323324859512,0.9779649007245844,0.9688670192997416,0.9682123824502448,0.969510461575391,0.9561420410336107,0.9775371263110862,0.9735146256014687,0.9753254509532346,0.9799295193989244,0.9832413343741474,0.9864292406559438,0.9780333712096619,0.9674344837695518,0.9552945028985116,0.9756635061576141,0.9463299663880601,1.0,0.9670059495229575,0.9280591259945076,0.9471846210136907,0.9420030853845872,0.930794294222317,0.9281873563721924,0.9008958044096619,0.9441241547542715,0.9368400309006935,0.9551020045452714,0.9514757797525407,0.9197175757731763,0.9146705959047453,0.9379382591376375,0.9055402036051458,0.9465059864781443,0.8540525928797021,0.9331659947791286,0.732038163209265,0.7708833967964379,0.6519172174876469,0.8193573571490539,0.952612909553381,0.9505287979428795,0.9343352551752154,0.9597897259504675,0.9608053577474343,0.9618031909465268,0.9605863777242422,0.9682011286461942,0.9502982256372359,0.955287886590923,0.9585324214506469,0.934665948584037,0.9426416646449021,0.9313644146816694,0.9353044935107298,0.9271781712892463,0.9432278941001848,0.9374078016946348,0.8951173291025787,0.95824286238019,0.9489455008890028,0.9564561705620159,0.9503572036603464,0.9180501135873679,0.8162660174639089,0.8964084110717788
GSM2674187,0.9493677659116452,0.9564093306522837,0.9490333696932312,0.9589329717269798,0.9614355419988665,0.96317868697091,0.961742609385984,0.9603903659999565,0.950727414852419,0.9688639565523768,0.962568385448949,0.9621980339815919,0.9591509824979558,0.9559169501660604,0.937617454994496,0.9794602354663177,0.9713011828695124,0.9661581729108671,0.9670059495229575,1.0,0.8965729371037603,0.9257586920355465,0.9152978034317655,0.908389848701934,0.9226024700016419,0.8813324527867852,0.9261940836556822,0.9318512418723134,0.9302323966810807,0.9339830884885246,0.905123742898299,0.9167813798381688,0.9272918839079303,0.8849005434032085,0.930478375696988,0.8652386756041061,0.9263973912938819,0.7300267363674365,0.7876280178163103,0.6472566722446922,0.8177330441926102,0.9352273297406534,0.9220960361716024,0.9061355979290283,0.9333018544255747,0.928411442280877,0.9344136166928414,0.9376917662291177,0.9488715013487851,0.9217196855579772,0.9331580297118519,0.9479002383791645,0.9076229600693976,0.9275525333290229,0.9042486725147166,0.8914118611510418,0.9084666796790091,0.9203447221000416,0.930610944806642,0.8783760896443983,0.9531570598075838,0.943401765686353,0.9521614819113638,0.9335408030407251,0.9160196161176093,0.8011422003838798,0.9142326684772344
SSP_4,0.9105098616849266,0.9052779733801815,0.9224970076206005,0.9037692993323753,0.9029012237975934,0.9025558396094432,0.8910246641475329,0.9145061025228275,0.907921163253876,0.9114567008113913,0.9279679048183588,0.9276708611421199,0.9263042702316465,0.9182010667225209,0.9115189813033829,0.8806782185015197,0.9195231642787381,0.8691652404274172,0.9280591259945076,0.8965729371037603,1.0,0.9420729500113296,0.9417085578339042,0.9351436264276219,0.9090688641517832,0.9275698952870353,0.9192504950527622,0.9160569538562947,0.8968437464249226,0.9328320027915843,0.9286942845528677,0.8875496239873896,0.9423929506798057,0.9320821048268442,0.9092246688575946,0.7933572280516876,0.8939764886601232,0.7939640345050163,0.7413172198692813,0.6910183273589459,0.8386754217265402,0.9067244285462602,0.9258317921797288,0.9227839407054581,0.9293893710949332,0.9264754096576073,0.9445772840635932,0.90653360432161,0.9308612000098163,0.9151794319470349,0.9191011917913103,0.932855450264121,0.9400266673241969,0.9357461568866033,0.9128734488926252,0.9424857727486259,0.9235479074315325,0.9402632516582591,0.914736115439141,0.9342706025495656,0.934785649826923,0.9108203613463534,0.9197159922409244,0.9149084178236412,0.9057083239706857,0.849756456929562,0.8762610937182657
SSP_3,0.9488416768635896,0.9453469655685091,0.9449596453312509,0.9170342187989863,0.9202168828182339,0.922851804640847,0.912790378442865,0.9401945381036583,0.9431259388049534,0.9427334847627965,0.9495860300900982,0.9464798881536606,0.9460255582356768,0.9437191085380692,0.9445777857262446,0.9187985145354601,0.9490176296255511,0.9198835492056662,0.9471846210136907,0.9257586920355465,0.9420729500113296,1.0,0.9789839014480999,0.9795670715355637,0.9114669668200797,0.9172565941261118,0.9461234635940182,0.9295899094988498,0.923188264831886,0.9451295423818576,0.930197427986244,0.9040809314998022,0.9429906839387029,0.9235174863826476,0.9483487402622731,0.8587388767689454,0.9305726189997525,0.7650454758373058,0.8089571133151534,0.7093397832006573,0.8404432034977792,0.9159335689617532,0.923696418003479,0.9103887066436761,0.928782288231851,0.9382047596184989,0.9392091057200913,0.9244923075823042,0.935424908809566,0.9320872376688671,0.9339240348532208,0.935365456722017,0.9450552258817172,0.9365053808891951,0.9239979473411112,0.9365352991360868,0.9326561608050408,0.9249179106974262,0.922217542251633,0.9122506463033626,0.9439082592460172,0.9405836193937293,0.940204148654379,0.9395805774903825,0.9309760826347699,0.8604133271706931,0.9039754563672878
SSP_7,0.9417284781454316,0.9380621184822783,0.9386886471554352,0.9123285879396053,0.9146515124051227,0.9174519256380208,0.8990455959230566,0.9373774796088435,0.9404881525452038,0.9372367731989365,0.937712924139733,0.9399535179652195,0.9417823610046174,0.938909507298267,0.932361034983344,0.9088734155546618,0.9325690669340448,0.9106969934999576,0.9420030853845872,0.9152978034317655,0.9417085578339042,0.9789839014480999,1.0,0.9771871250596892,0.9056733969403906,0.9141506448496491,0.9462388585341625,0.9291209680324719,0.9167506495142168,0.9348592549044038,0.9326241302822159,0.8986453111684131,0.9347762572656854,0.9269288197842345,0.9361173988858085,0.8555223534062648,0.9276219165790862,0.772330159290956,0.8061221134987949,0.7161198544308987,0.8401839816353314,0.9177481925752425,0.9255984364613342,0.8988965843267518,0.9302781893322434,0.93239274771667,0.9296024167136492,0.9230078090921947,0.933079098314826,0.9327348794987484,0.9241744292474013,0.9261455649027076,0.9400956885943537,0.9314036049908793,0.9154689957620086,0.9367397225600329,0.9363567906648591,0.923665122426573,0.9147728030205495,0.9184520492141023,0.9452765859426828,0.9293682819848483,0.9265335695330611,0.9276533087361083,0.9186524027503626,0.8605697494787768,0.8893796591045138
SSP_8,0.9324357906745123,0.9271036407715395,0.926329675673205,0.9038713271157515,0.9041170970223641,0.9109948777333394,0.8981509698370813,0.9257428255025181,0.936174483300426,0.9297112392611828,0.9325100929246878,0.9289671575438401,0.9297134393208044,0.9276396716580753,0.9223538328658204,0.9036377979844733,0.9296173057479845,0.9055130191640351,0.930794294222317,0.908389848701934,0.9351436264276219,0.9795670715355637,0.9771871250596892,1.0,0.9052007671004915,0.906348395961337,0.9452858717963163,0.9266669626484382,0.9043841222385133,0.9315728461385547,0.92004839139715,0.901010541258728,0.9367180828284861,0.9130488803434741,0.9390400348894763,0.8698100965835759,0.9252440069872997,0.7778109781826483,0.8374843419068808,0.7295716344294451,0.8515297136540719,0.901427691802968,0.9106969500636308,0.8766397072344767,0.91277593179473,0.9223430060966505,0.9165006239396233,0.9020796411139218,0.9177428690458995,0.914799149201405,0.9136537188517234,0.9163789092394943,0.9367694367627633,0.9256447558919549,0.9050853369341536,0.9279342920310872,0.9446946387122965,0.9184931417414254,0.9110590463796995,0.9252514153009616,0.9385100058090176,0.9277848709550228,0.9163352922773692,0.9173461710994569,0.9210794767900266,0.8631724927760618,0.8946956610532759
GSM3304988,0.9082861487233566,0.906846265446313,0.9092660237751089,0.9166552086423583,0.9144949946244372,0.9195846000630158,0.9159858132572873,0.9221671964591146,0.9230403599106545,0.9251680564850594,0.9248147102659111,0.926347312882174,0.9192748453195043,0.9128765189595857,0.9011853027558467,0.9176677286882365,0.924622737110718,0.9016684687063461,0.9281873563721924,0.9226024700016419,0.9090688641517832,0.9114669668200797,0.9056733969403906,0.9052007671004915,1.0,0.9000505639818276,0.9063216366516221,0.9361478654101404,0.8758366197360725,0.9250516791737808,0.8968194704918608,0.9175919792278765,0.9280767130701165,0.8866161677213376,0.9035041474621273,0.8440388502910646,0.9098005649321771,0.8052782895952252,0.8173246023218229,0.7213416634203513,0.8710685490406214,0.9212621714263622,0.9138817371557428,0.8901194729934052,0.920090436911078,0.921028189030343,0.9214549995704027,0.9146150194791334,0.9365076756640801,0.9013460126124814,0.9205909258930148,0.9362419261078789,0.9176282210864602,0.9243880017156454,0.8837949118933838,0.8864132155610116,0.9202422423015271,0.9269785236866006,0.9270282275178962,0.9036126189439339,0.9413324520427432,0.9215851271601513,0.9325930393511377,0.9141941912404613,0.9131939506672532,0.8585889524498838,0.9040443319980022
GSM3304990,0.900055340084136,0.8992914710469015,0.9011919267703761,0.8638570935064221,0.8705022253858195,0.868713792335611,0.8623646323769227,0.8919499951711322,0.8912068098786239,0.897640292359531,0.8995635283503681,0.9053616046767229,0.8957931652541037,0.8863594450721642,0.8976597908761428,0.8686790530916145,0.8996009065368978,0.8674014647997546,0.9008958044096619,0.8813324527867852,0.9275698952870353,0.9172565941261118,0.9141506448496491,0.906348395961337,0.9000505639818276,1.0,0.9051670482585424,0.9164458284897831,0.8757779192916862,0.9288306828884387,0.9283035526017627,0.8603453117324358,0.9298229565597504,0.9299224771823937,0.900738601162391,0.7847516309120669,0.8895566327426093,0.8361912667993624,0.7706671389034941,0.768097616229246,0.8657036990080329,0.9208866502000802,0.9251202199544288,0.9173577910752492,0.9267902599714853,0.9192457158284502,0.9270999025547851,0.9153325776338229,0.9260332888059791,0.9148836681838964,0.9251429531656339,0.9236750400209166,0.9315360149819155,0.9126913763022027,0.895724787344494,0.8975421315730124,0.8947140531313277,0.9037259822651056,0.9025207319472333,0.8928936542971093,0.9178789413672451,0.916609316841654,0.9203508195271297,0.9258731017950199,0.9235193375976221,0.8937925049127572,0.8833479731407408
GSM3305006,0.9453806994242946,0.9388860680815405,0.9419602558973121,0.9132862246987405,0.9149883950297512,0.9200424019994177,0.9043410671831911,0.9360424838007645,0.9430436438934517,0.9414149679440362,0.9401274678976361,0.9423047924737202,0.9405166481198282,0.9340569015491285,0.9317601327242739,0.9162001890283032,0.9344190420394327,0.9176143501470039,0.9441241547542715,0.9261940836556822,0.9192504950527622,0.9461234635940182,0.9462388585341625,0.9452858717963163,0.9063216366516221,0.9051670482585424,1.0,0.9276867006124722,0.9217914405345634,0.939538369891943,0.9203185823347796,0.8929675607079834,0.9380218510815026,0.9125050959484181,0.947188148498129,0.8701421297045044,0.9233002745735277,0.7796096068220565,0.8284123839387466,0.7423180640846299,0.8536962776493267,0.9373776943590317,0.9385891514213612,0.89877919285758,0.9366643199651091,0.9373733693998472,0.928796347615363,0.9271327994811243,0.9392159507343755,0.934239241174673,0.9294879208386714,0.9283548985240622,0.9378168951756244,0.9293060039488834,0.9067491437119409,0.9184084526501131,0.931243367604637,0.9220292728370822,0.9233108929922516,0.9055679130125854,0.945462217653216,0.935334107099695,0.9281169764310133,0.9319009260441264,0.9262725772133323,0.8665753998110712,0.8943965208716864
GSM3305012,0.9252209495831534,0.9268453580472986,0.9228197163400838,0.9194854296483573,0.9188805724589634,0.9245919663529718,0.9148856741741922,0.9318888331607558,0.9333901008284939,0.9389254566982418,0.9308460952209487,0.9365244347445482,0.9293870491634159,0.9234330712418191,0.9119438020615206,0.9273641959188984,0.9302615117083516,0.9186471867474246,0.9368400309006935,0.9318512418723134,0.9160569538562947,0.9295899094988498,0.9291209680324719,0.9266669626484382,0.9361478654101404,0.9164458284897831,0.9276867006124722,1.0,0.8915437207867354,0.9342573749266518,0.9178814270662865,0.922956128056173,0.9331163026791875,0.9062536681636764,0.9134167302980891,0.8713127596579443,0.9297695632842796,0.8133626245860133,0.8348500093532852,0.7470539404938344,0.8769013862691488,0.9324176444067626,0.928145014339052,0.8947243840116695,0.9315836494921703,0.9292930196978221,0.9254099660066858,0.9280202686710196,0.9438948707170721,0.9191485912457417,0.9290122089567251,0.9376416727391336,0.9293199712714542,0.933206087090591,0.9010589609441858,0.9015531021372437,0.9351918298860643,0.9303602246760678,0.9330776678116993,0.9143934551193595,0.9546698823295623,0.9341401448425112,0.9361782806610276,0.9222225148705199,0.9230979254851743,0.8713219891852264,0.9092168663004824
GSM3305060,0.9574562995468304,0.9538683392740562,0.9584671369723772,0.9295090731565543,0.9304654291751908,0.9362822552710041,0.9160893155048055,0.9539766433001684,0.9516023147578117,0.9581041760745252,0.9575600344374176,0.9607245888002416,0.957035644955081,0.956072025655762,0.9499621924166177,0.916376875142502,0.9470972537531882,0.9229934077977472,0.9551020045452714,0.9302323966810807,0.8968437464249226,0.923188264831886,0.9167506495142168,0.9043841222385133,0.8758366197360725,0.8757779192916862,0.9217914405345634,0.8915437207867354,1.0,0.9302680802320128,0.8970947700240212,0.869566129700522,0.9115910882818031,0.8813054815169044,0.9378971613007661,0.841703012979159,0.8998594331575986,0.6826816891334948,0.724109178702138,0.6388046906035889,0.7782906426081958,0.9266409878895712,0.9308839964149298,0.9163871145344559,0.9323600331905397,0.9364255458794827,0.9337618082754887,0.9269052221582166,0.9325537429256615,0.9328111160495292,0.933508796747796,0.9274858075622492,0.9147886304832573,0.9085390286160596,0.9311646791911199,0.9191618258565503,0.885083910970577,0.9022569629200377,0.9002519696636803,0.8564658879077032,0.9223261418232505,0.9215505997258282,0.9231889219719525,0.9272275962800302,0.8940389558461302,0.7696370157526596,0.876297200064866
GSM3305062,0.9462733737709881,0.9442818694526034,0.9489435894900806,0.9215304544133435,0.9238294603948918,0.9239535548975394,0.9171973190564697,0.9415160252228089,0.9402572905603376,0.9450319823931335,0.9508664669420118,0.9518781438560309,0.9457840021549806,0.9356884196274509,0.9456470095272641,0.920003675327019,0.9469388410897576,0.9195503460603446,0.9514757797525407,0.9339830884885246,0.9328320027915843,0.9451295423818576,0.9348592549044038,0.9315728461385547,0.9250516791737808,0.9288306828884387,0.939538369891943,0.9342573749266518,0.9302680802320128,1.0,0.9267625713342252,0.9034915394535686,0.9449640028172145,0.9161652212305881,0.9452030644994215,0.845396443044935,0.9208197058178442,0.7980463493736201,0.7994198992365181,0.7377500107165171,0.8620300291835947,0.9457457128215825,0.9481139435493098,0.929327157596024,0.945429862011151,0.9516589439876036,0.952720380895785,0.9406246223876364,0.9517128698914568,0.937923823794721,0.9500552021676333,0.9480606752351911,0.9480416317150901,0.9430080791725991,0.9238408631537519,0.925184036514026,0.9247801403410968,0.9352697988922983,0.9368325530345518,0.9067646135644596,0.9470874981896842,0.9436197308641828,0.9494700087347426,0.9476597326068164,0.9350250382506587,0.8656518171091614,0.9080758944965143
GSM3305064,0.9229049454169572,0.9246084433085038,0.9229951469100016,0.8858954917225258,0.8926906035275778,0.8912275502455967,0.8788014510993509,0.9157757104526314,0.9089799219260067,0.919975065907757,0.9173587076386953,0.9260243309987586,0.9201467806302428,0.9111801247388424,0.913662172892914,0.8932518733448439,0.9184004995550772,0.889568282849144,0.9197175757731763,0.905123742898299,0.9286942845528677,0.930197427986244,0.9326241302822159,0.92004839139715,0.8968194704918608,0.9283035526017627,0.9203185823347796,0.9178814270662865,0.8970947700240212,0.9267625713342252,1.0,0.8756926664889051,0.9333739745265938,0.9403152662373055,0.9162827441704752,0.8079116213193019,0.9179187588150791,0.7907811027038797,0.769844044606207,0.7222849329916047,0.8444108053292563,0.9290267978837036,0.9280223756962334,0.9181741213853225,0.9339808994708442,0.921876065251772,0.930338209009537,0.9251184711619959,0.9299018533751028,0.9287854930029318,0.9281412416383034,0.9324785822501928,0.931073228701113,0.9143604803660428,0.9064978877394871,0.9046466017078721,0.8989706500998176,0.9030063204809913,0.9005283490867165,0.8864356233938884,0.9284512932937407,0.9346307043853485,0.9273466095444849,0.9373318578088662,0.9303963060870141,0.8778868771559301,0.8938053367873892
