,GSM2674169,GSM2674170,GSM2674171,GSM2674172,GSM2674174,GSM2674175,GSM2674176,GSM2674166,GSM2674168,GSM2674214,GSM2674208,GSM2674209,GSM2674210,GSM2674211,GSM2674212,GSM2674213,GSM2674215,GSM2674216,GSM2674197,GSM2674198,GSM2674199,GSM2674200,GSM2674201,GSM2674202,GSM2674203,GSM2674204,GSM2674205,GSM2674206,GSM2674207,NS_2,NS_1,GSM3304958,GSM3304961,GSM3304962,GSM3304963,GSM3304964,GSM3304965,GSM3304966,GSM3304970,GSM3304971,GSM3304974,GSM3304977,GSM3304980,GSM3304981,GSM3304982,GSM3304983,GSM3304986,GSM3304987,GSM3304989,GSM3304991,GSM3304994,GSM3304995,GSM3304996,GSM3304997,GSM3304998,GSM3304999,GSM3305001,GSM3305002,GSM3305003,GSM3305007,GSM3305009,GSM3305011,GSM3305013,GSM3305014,GSM3305015,GSM3305016,GSM3305017,GSM3305018,GSM3305019,GSM3305022,GSM3305023,GSM3305024,GSM3305026,GSM3305027,GSM3305028,GSM3305029,GSM3305030,GSM3305031,GSM3305032,GSM3305033,GSM3305034,GSM3305035,GSM3305036,GSM3305037,GSM3305038,GSM3305039,GSM3305040,GSM3305041,GSM3305042,GSM3305044,GSM3305045,GSM3305046,GSM3305047,GSM3305048,GSM3305049,GSM3305052,GSM3305053,GSM3305054,GSM3305055,GSM3305056,GSM3305057,GSM3305058,GSM3305059,GSM3305063,GSM3305065,GSM3305066,GSM3305067,GSM3305070,GSM3305071,GSM3305072,GSM3305073,GSM3305075,GSM3305077,GSM3305079,GSM3305080,GSM3305081,GSM3305082,GSM3305087,GSM3305090,GSM3305091,AP.7,AP.8,AP.9,AP.10
GSM2674169,1.0,0.9530922565685377,0.9398274644790491,0.9518447770494076,0.9236900341798656,0.8955737049405043,0.9261624837205241,0.9315725469163846,0.9442403407145674,0.9308835541481938,0.9092182073463544,0.9276766780179212,0.87031671747901,0.9426174252506083,0.8601488402146024,0.9156684332769496,0.8601658247716146,0.8725817071026407,0.8737293413790854,0.9193356734986502,0.8877025399459283,0.8760924484939481,0.8945634540933081,0.8836305671711295,0.8986043861035136,0.8993812782710812,0.9299383279169425,0.870886144583357,0.8901009015414131,0.9349804936448969,0.946637274937242,0.8550494229577029,0.9355211299366457,0.9548110310959759,0.928006295971398,0.9356090206946149,0.9098792539236236,0.9015078249571018,0.8839733570207738,0.8676101185671604,0.9393394547630798,0.8837492590533772,0.9242451884561433,0.9147847536524243,0.9123322010385071,0.924815741295717,0.8914500426498172,0.933759637651235,0.9293699459094084,0.9050083739875189,0.9317892744919003,0.9355780033087566,0.9000952950484635,0.9300486120353075,0.9123141525778867,0.9504542127763329,0.9064031475537677,0.9264614530912741,0.9291417389885565,0.8957711205104271,0.9171757591461005,0.9098877492887412,0.9369268835460391,0.9245010256789128,0.8737663345109303,0.934420206460811,0.941478022795673,0.9196096586824656,0.8826043379635953,0.8273843165974384,0.9082087096875635,0.9107498388448755,0.9245314814450544,0.8575430467631977,0.9244733415297061,0.9169165404217947,0.933865234206261,0.930950112180549,0.9257298244790296,0.9279234745502934,0.9360907337122258,0.9077147042758275,0.9427771093038679,0.9218785997926737,0.938335297323056,0.9402588022919437,0.9151265236834437,0.917562620196938,0.9406603456962708,0.9208615758211907,0.792821360283888,0.8643169379763264,0.918813080913367,0.9073250162920026,0.9552796025976269,0.9195742991079698,0.8821546799136679,0.9427498282583836,0.9249483551372744,0.9081281223823152,0.8835176213445961,0.9173893815739537,0.9382598251237639,0.916221344403925,0.9348280836967021,0.8702505499830647,0.8880952528144752,0.9427612306593006,0.9208464609114112,0.9249388800629156,0.8839498615744479,0.9389345106859912,0.9291120683039643,0.9127812825933488,0.93044179515656,0.9139382965960196,0.8483502312750225,0.9417827243627551,0.8940403905430244,0.9148018394436653,0.9094157380540616,0.9414715396140806,0.9326627350417142,0.9343480740965617
GSM2674170,0.9530922565685377,1.0,0.9522403294072109,0.9474129282582502,0.9499374323687172,0.9265482937553227,0.9394846709685402,0.9430218553765247,0.9617298266508556,0.9282242786658238,0.913051745865177,0.9210647994220096,0.8747420595165817,0.9457041245955826,0.8737604368854778,0.9128990350855621,0.8645768291181036,0.8792389173746719,0.8770047130060507,0.9176348946667897,0.8759464332426442,0.8945195226123573,0.9024102965125201,0.8783726829300783,0.8821724563880525,0.9080137378635559,0.9129820999900613,0.876015034600722,0.8788238134261773,0.9235279573843219,0.9268675381599532,0.859626873189931,0.95100480812753,0.9539663951513576,0.922628355113071,0.9417836023242525,0.9140767031955442,0.9000827517498243,0.8698960991528732,0.8808491236415296,0.9416518573555299,0.9042708147854743,0.9284073121118157,0.9180357694249432,0.9232833139263106,0.9273584072100474,0.9114382477741645,0.9368402255387099,0.9390333999957303,0.9225288717603909,0.9357676056657309,0.9326043208928119,0.9102895380041343,0.9336959264685174,0.9165646448862199,0.9343698230619422,0.9217272590875383,0.9387774980976842,0.9309806653820132,0.9137037848047431,0.9195709599741786,0.91430431850851,0.9389241420900796,0.9221130977853063,0.8830184295753228,0.9413110532185427,0.9438235024659231,0.9419955073703413,0.903042711019574,0.8540930762121178,0.9072368112794424,0.92709698016711,0.9200175638855961,0.8737875726669667,0.9151405958155102,0.9285485755110203,0.9450583843035232,0.9330088165829933,0.9276084776598108,0.9490354507286578,0.9491924767235705,0.9168451790864544,0.9360449815170486,0.9285956767320853,0.9327135295396781,0.9373995243224518,0.9148822676752308,0.9081312283747927,0.9340077467112812,0.9208340789227296,0.8220106274221173,0.8522479488825603,0.9248686771013711,0.9106790155075637,0.9487377406346326,0.911779671326149,0.9058536672809815,0.9421820097976277,0.9310558446458679,0.9108191391409878,0.8993113836835529,0.9348690280997795,0.9472784328316176,0.9350312236277124,0.9360873437459751,0.8987854266862905,0.9173159650910032,0.9489556785373018,0.9320301998807313,0.9247150418788723,0.8931054568025589,0.9478005391347983,0.925340105866522,0.9195200117143748,0.9312513152861603,0.9223424618872741,0.8675670492888716,0.9372987072223345,0.8842156232799915,0.9268223514220508,0.9106537838008965,0.9403362757252968,0.9376119005157559,0.9426203534288679
GSM2674171,0.9398274644790491,0.9522403294072109,1.0,0.9547991754490854,0.9621156525880529,0.9418828309679904,0.9420323287949312,0.9368618777092811,0.9494615019768161,0.9575970996836531,0.9382772539595636,0.9573499701782415,0.9088803819550462,0.9518067632817312,0.9161033662853857,0.94075925498892,0.8949946954316501,0.922850589004596,0.8978689664146176,0.9416874696732545,0.9035012987523204,0.9106610610477895,0.9195475140516772,0.915564382429563,0.9143644711319417,0.9181035739403224,0.9367351337744118,0.8815310489916661,0.8995833865505359,0.9345076056303565,0.936241610299227,0.8831760062128797,0.9533792600965041,0.9525613918094081,0.941377160528326,0.9262059282236423,0.9472149186729948,0.9306530845699929,0.8600276575584082,0.9149984939844167,0.9509942104818593,0.9176460860958829,0.9413343899169642,0.950393241781226,0.927802839566087,0.9508864385283758,0.9417779019216748,0.9413648555503235,0.9263162507010227,0.9332203822453882,0.9508296875274322,0.9393400263438825,0.9192140810519959,0.9469089767298516,0.9397010776855523,0.9416478836166375,0.9443163936385415,0.9614673303759022,0.9581110525012032,0.9448155082370074,0.934949275077129,0.9498823036995754,0.9557750254155655,0.9238640806723161,0.9148797593202991,0.929135332883903,0.946866417051662,0.9438932092339741,0.929847149741108,0.8920687963668529,0.9198737738989176,0.9519236946745661,0.9330143181945431,0.89773999124068,0.938734746635461,0.9529781798495414,0.9561897347471388,0.9420778305052409,0.9473445318754665,0.937843149576537,0.9468091454569818,0.9512019298288538,0.9379839840637514,0.9471222158712427,0.9497770339498876,0.9568731721282723,0.9427101994751133,0.9335017076507001,0.9476616967708955,0.9473607462097331,0.8560199831127069,0.893264699906596,0.9455242670463629,0.9406836648302719,0.9421202088132595,0.9288298488801496,0.9211353926383591,0.9584103609298688,0.9428029697461051,0.9351661846688507,0.9310787945515691,0.9523506273352632,0.9620374679309579,0.9328927678671588,0.9492003387038751,0.9347313655944758,0.9143763655961459,0.9477894704468239,0.9406853463267274,0.9493556672502386,0.9188775101004327,0.9506173589253694,0.9482509905984695,0.9409107432937157,0.9395723908198959,0.9360605498494949,0.9109366417281087,0.9457972585179915,0.8800002608779685,0.942401448908828,0.9188174049467657,0.9424640721521245,0.9389553195876941,0.9560911827173387
GSM2674172,0.9518447770494076,0.9474129282582502,0.9547991754490854,1.0,0.9444831431827938,0.9236717133575363,0.9409446765113879,0.9383168524012779,0.9350582560877826,0.9461559310374978,0.9238989906948332,0.9411603619441823,0.8975596368740186,0.9437974278161657,0.8970319168584202,0.9185122183509994,0.8931003381627364,0.900260007158611,0.8941467460013803,0.9219464972432174,0.9045218784670397,0.8897842421434852,0.9151861927248677,0.9041551453418506,0.9069770626463493,0.9173170530138595,0.9365828880626577,0.8822411636296023,0.9025088882651872,0.9230373416793182,0.9263868629284692,0.8566217942981321,0.9462998059639681,0.9508976875318831,0.9184642079710227,0.9251065185126078,0.9244080597531993,0.9053949804784994,0.8754096133554299,0.8891079294897797,0.9321385988691114,0.8954997034370156,0.9303868615347564,0.9320891977912319,0.9293768543034747,0.9285551908868244,0.9162198190160173,0.937778631584513,0.9209084194013089,0.9203100678876489,0.939246869302257,0.9450194169330436,0.9076118389025746,0.9305628747508538,0.9206657878120876,0.9385416475839492,0.9113473020936088,0.937508217361646,0.9339507537398796,0.9179797685589235,0.9144278917921902,0.9266427700776199,0.9450643606016763,0.9131615450321611,0.8804759282784281,0.9236808708863912,0.9439316584292069,0.9385481362927296,0.902076202348523,0.8569108112961717,0.921577873355944,0.9249579206344395,0.9391524712054055,0.8776404806332763,0.9213321403185766,0.9333712264975119,0.9411598176017592,0.9319695646360617,0.9436954261916413,0.9219176576577414,0.9317762376336025,0.9221911934828364,0.9287072895400413,0.9276293591382947,0.9310547485122939,0.9386349279851202,0.9354205493736668,0.9249767920165881,0.9336454575556034,0.9322010253312665,0.8208568565977218,0.8873861345832992,0.9350475780853031,0.9128827751754625,0.9459607710958431,0.9169375303237168,0.8976721628054427,0.9498079662965642,0.9307182059200086,0.9193425764483536,0.9007710230847122,0.9290414134547762,0.9431007887329104,0.9188923417873857,0.9384069554645218,0.8951881599235987,0.9019507454754029,0.9394907211631526,0.9253258224202886,0.9241598660570529,0.8934953131088575,0.9430020267307082,0.9380794765162004,0.9216142887889801,0.9290110382387018,0.9193762375969651,0.8770657791284238,0.9417535177300372,0.8902786662521289,0.9194713945750599,0.9060482651887946,0.9267462794593715,0.9303142972547304,0.9411529600235872
GSM2674174,0.9236900341798656,0.9499374323687172,0.9621156525880529,0.9444831431827938,1.0,0.958934589308776,0.9527500121822148,0.942936247601158,0.9408096956419462,0.9579693732542706,0.9189056912713828,0.9367530385281465,0.8994606709362298,0.9415374714342674,0.9104553355579099,0.9356755367236551,0.8830359676131158,0.898779995829372,0.8912515390189966,0.9457848594342312,0.8848079396069278,0.9100760336074186,0.9071305208442283,0.8996567767724417,0.881798988000642,0.9051414959051955,0.9131761427164204,0.8599987297532705,0.8700642324266857,0.9394166154382136,0.9226027808091001,0.8895003621945032,0.9523116359621004,0.9511814951415155,0.9228103883368314,0.9205756360698341,0.9404641146231468,0.9307130045159308,0.8300082855519603,0.9132389073364593,0.9490987512926655,0.9176996644081425,0.9352213513270563,0.9404034926967362,0.929616433129081,0.9446219461882596,0.9465359009108243,0.9260819852588857,0.9215778031424361,0.9477833456931521,0.9341749249963522,0.9268422054785754,0.9104570371477089,0.9427482149821145,0.9291275555396985,0.9215971547991144,0.9488661139856014,0.9505689382414176,0.941255148059564,0.9477859244217203,0.935462379225621,0.9398258674033487,0.9465541164736301,0.9305824790127193,0.8940016641270163,0.929077803167891,0.9394989656734511,0.9370357117832313,0.9366756696144137,0.9060331486832536,0.9212718738770387,0.957928136589399,0.9260999239763894,0.8930942377540911,0.9216568814315172,0.9526372631809962,0.9535852195062523,0.9247983145471071,0.9406422649173379,0.9398482919998105,0.9370632603920968,0.9461432464173328,0.9255064093760971,0.9427975496233058,0.9343327474143168,0.9493379029732146,0.9379405511395673,0.9149291869463498,0.9371147905030024,0.935065689371442,0.8667995098024088,0.8633203237452934,0.9342795418255719,0.9380236290586338,0.9353661136184216,0.9079156251154353,0.9381454841819945,0.9518509328624519,0.9477833914456786,0.9298168663282564,0.9291787893082986,0.9459467424358549,0.9546286855778161,0.9130269159315105,0.9284326595470856,0.9376186302839195,0.9297300866896633,0.9555942030766467,0.9574174394622199,0.9398878521101177,0.9269261529385983,0.9482889974916714,0.9314963646087271,0.9439698642238702,0.9536731009160406,0.943076026942127,0.9183469236884984,0.93760810402235,0.8660100567220866,0.9448286375500848,0.9292953381048796,0.937091794259478,0.9423333146284976,0.9508415023968175
GSM2674175,0.8955737049405043,0.9265482937553227,0.9418828309679904,0.9236717133575363,0.958934589308776,1.0,0.9284102198323018,0.9117493252534289,0.9215719500492218,0.9367231372863805,0.8813869244472301,0.9103785874948077,0.8679612031300926,0.9052924411375514,0.8786704542980339,0.9253779347356826,0.8446240351295714,0.896479669601377,0.8593117275347165,0.9275822868397174,0.8566671768784928,0.887593964783265,0.8970536755143248,0.8789130311785861,0.8458816265092197,0.8769050229553166,0.8793888786792335,0.836935551762501,0.8314440770919674,0.9086796978844868,0.8923266201194859,0.8771082195110143,0.9282481001113246,0.9263863013087523,0.905753017774478,0.8950644608563616,0.9329782969256516,0.9245563403895554,0.7963358150343945,0.9015837585578684,0.9289150976478207,0.9115371678064546,0.8975445365745679,0.9220882085986394,0.9191136922951372,0.9192084846389584,0.9312433487475837,0.9063833354729499,0.8818698875811213,0.9258176491371323,0.9043579950651267,0.8969815331724246,0.8801854366034637,0.9293160543695879,0.9180960695320802,0.8932414963962859,0.9267197731036607,0.9267760422729648,0.9263294065954014,0.9311595408973701,0.9110648709801537,0.9262679833868726,0.9372938812694744,0.8968496961685691,0.8921309608977264,0.9067845376438249,0.922235186408889,0.9147743405353177,0.9239210327944309,0.9012611983926598,0.908990760261994,0.9346680313483041,0.9034817709931406,0.8971658040293429,0.8839719198580495,0.9311370030515338,0.9309142135423432,0.9172586146027557,0.9220351072699964,0.9167540027438131,0.9078152955839688,0.9317873804112945,0.8862759914212127,0.9212334772480685,0.90815485624724,0.9238902361868755,0.916115653450493,0.8925959008326203,0.90611943158723,0.9152704576751778,0.8618413205618768,0.8396694520395668,0.910118458954512,0.924239530813349,0.9060508717023872,0.8798514662076153,0.9172752458835619,0.9232067456928345,0.9178677898522323,0.9086910418882617,0.91826629433024,0.9342090264536731,0.9281531457231642,0.899636249746279,0.9136980772184776,0.9229923007299696,0.9057547106897393,0.9247759374977135,0.920086181786586,0.9263168844557873,0.9119184852258623,0.921640411687057,0.9102662546781387,0.9279063738615968,0.9194459079496273,0.9207746380752064,0.9142788465762314,0.9293389874397288,0.8241758905741035,0.9346916390832347,0.9006239605555374,0.9051025277119876,0.913933542452429,0.9268146211555727
GSM2674176,0.9261624837205241,0.9394846709685402,0.9420323287949312,0.9409446765113879,0.9527500121822148,0.9284102198323018,1.0,0.9837835423435848,0.9348641335512596,0.9281277853616736,0.9009311662424333,0.9208746594424799,0.8816800723915217,0.9539561535095963,0.8956174915660629,0.9057772665969459,0.8828812864324241,0.890279434713463,0.8939558792877483,0.9105163534650933,0.8966916556723962,0.9024184604561866,0.9056681003730415,0.8957355193022949,0.8939571342134,0.9034561740558599,0.9215184452579482,0.870854722459363,0.8726721420456341,0.9109636713279559,0.9037768325702582,0.8480712051412286,0.9421027875090126,0.9391919248635092,0.9293872512917941,0.9109334833515835,0.9194271792142044,0.9001585134611209,0.8396887207663397,0.8927520170667597,0.9313774140198511,0.9051224215355526,0.9292962830607535,0.9274567210682957,0.9331892421073676,0.9125157880204963,0.9209615592711822,0.9169152866280846,0.906857685558451,0.9267568426940181,0.9304812455403156,0.9232974229596725,0.9039090212214284,0.9391304300168826,0.9239055538025445,0.9175347133810184,0.9198843067367916,0.93759013854133,0.9377858697656174,0.9248534548945732,0.9285100752403748,0.9161844610704132,0.9370815738485233,0.9157580432443547,0.8840293744407489,0.9159688395122539,0.9339170278939047,0.9329832899586105,0.9127408232023907,0.8722306738635962,0.9040708682383531,0.935121093229386,0.9303093292625279,0.8808875626658532,0.9098629609939598,0.9311312060474052,0.9299168911631364,0.9217686292331696,0.9283999745738489,0.9221061705899664,0.9292442675125603,0.9301382384296698,0.9173428676317885,0.9187067482153193,0.9312184597873051,0.9306097023788781,0.9301710056426035,0.9122864065804964,0.9235237228792196,0.9128199878834619,0.8359114193193753,0.8698341485920883,0.9320974258414434,0.9120642877218441,0.9279604826734622,0.9090658915480907,0.9094290028025686,0.9325255485150838,0.9426735917224419,0.9239266790460279,0.9004684146156524,0.9351800566570809,0.9387116082808126,0.9083689815442813,0.9129287667127844,0.914573521802362,0.9222057149957099,0.9428651175076782,0.9420023356726388,0.9109219333068329,0.8959236544255507,0.9351196786171466,0.9143335480009261,0.9174381042323104,0.9333366719709109,0.9334423202749929,0.8875902452563648,0.9215878195112582,0.8770590271410753,0.9161737750836043,0.9042511099740665,0.918478728528648,0.9271354416370069,0.9256668642815724
GSM2674166,0.9315725469163846,0.9430218553765247,0.9368618777092811,0.9383168524012779,0.942936247601158,0.9117493252534289,0.9837835423435848,1.0,0.9351526978831008,0.913245509250441,0.907451646850499,0.9127155378306493,0.8799091085380103,0.9603996550004359,0.888421330308688,0.8841154311607111,0.8818795875860761,0.8805657651973592,0.894291763128686,0.8922011545939149,0.8946553388988581,0.8992570123164577,0.8985821853498795,0.8890556155838728,0.8999064176531366,0.9109885115650516,0.928259684274451,0.8811025711202797,0.8804153546389888,0.9027775110717888,0.9048034097255907,0.8321575810004243,0.9412550066386481,0.9345146779626936,0.9282815787909535,0.9149831776884261,0.9036655364188177,0.8828006889120933,0.8586701810917309,0.8747506037484455,0.925391813852384,0.8921500836316439,0.9349271321684706,0.918648725099777,0.9300193308821821,0.9075876500233153,0.901174220007212,0.9219940907153062,0.9198087516738541,0.9181890872399797,0.9343161361882025,0.9282372057092235,0.913061884693513,0.9313820683869326,0.9158613953524869,0.9227637477110776,0.9075621756891118,0.9333389613862545,0.933612460807004,0.9133613224782536,0.9209908069077936,0.9025871152403322,0.9270246456436163,0.9171476182777922,0.874427410314379,0.9221653083035345,0.9352328318429857,0.9314771174992774,0.9017322120610295,0.8436153393878905,0.8958480944483302,0.9292841311599042,0.9328451510439435,0.8595133092294268,0.9160834292271741,0.9209213614691624,0.9253431130543038,0.9150748272544292,0.9204575674180551,0.9216216762096796,0.9329567672974193,0.919828542628777,0.9262906900355675,0.9111523496396063,0.9342070218072225,0.9218266997190866,0.9211935052380246,0.9109276552163007,0.9249662624806706,0.9011005214002467,0.8156172250195518,0.8706868014660093,0.929280076716338,0.8923208710378987,0.9302186250223502,0.9176601765046647,0.8984247319669565,0.9286520784489876,0.9452129852709692,0.9200545196191956,0.8798485091344763,0.9304842004820915,0.9357535998709627,0.9077501498061016,0.9116958677220967,0.8969602246814037,0.9167571328383638,0.9434088439888958,0.9411595790712992,0.8975289331243244,0.8795547648226223,0.9325079559950101,0.9154883749212936,0.9051918837600491,0.9285226059937883,0.9303196109087613,0.8643602474139667,0.9157595668321992,0.8972125646298607,0.8997797142252109,0.8941549725276119,0.9219113590764947,0.9233883032084833,0.9198160623986096
GSM2674168,0.9442403407145674,0.9617298266508556,0.9494615019768161,0.9350582560877826,0.9408096956419462,0.9215719500492218,0.9348641335512596,0.9351526978831008,1.0,0.9164477822767814,0.9093830143132062,0.9193079083465997,0.8640804239073941,0.9445626568607798,0.8750082289916555,0.9066483842154267,0.8644283410548336,0.8842180996976058,0.8761669586036359,0.9069913535357889,0.8660085226541198,0.8892581452603301,0.8911294695997689,0.8799695454112985,0.8958039799738386,0.9075873711570835,0.9174627343423973,0.8793366043636736,0.878725476454234,0.9152431579112448,0.926827851255624,0.8510980445718204,0.943956693597686,0.9442879443851737,0.9296368268014824,0.9402595861918567,0.9116590439342337,0.8992722703919995,0.8696051504385507,0.879259405981081,0.9430901897951698,0.9025308508914427,0.9312678535765853,0.9182216568048703,0.9139592045619364,0.9284505054177715,0.9093553189550171,0.9333060641215158,0.9381625989895918,0.9155859379820181,0.9437242088266518,0.9319459383207243,0.9074087988364198,0.9354798972308088,0.9165367830497936,0.932684271064036,0.9216949744019742,0.9403621395854453,0.934940335284139,0.9202497607679958,0.9222382968407862,0.9164877595213649,0.9332863146619149,0.9211188415818418,0.8888162515124316,0.9386413953913122,0.9381268413305683,0.9283160064959243,0.9006754421751701,0.8491618431553586,0.8906863541942578,0.9285846894831663,0.9142089552023128,0.8615898719152628,0.9245292584111823,0.9258933851395508,0.943029220716081,0.9312359534088148,0.923694011690056,0.9426075625939311,0.9462341721481085,0.9220876262174575,0.9383629802740612,0.9312704616583312,0.9376589226996904,0.937400248328851,0.9133644551624658,0.9062324915742129,0.937921306536954,0.9208300215802886,0.8155664928280697,0.8489520605659914,0.924477810418497,0.9116220546675551,0.9400312976662994,0.9148018936388195,0.9007471353902599,0.9442285589862229,0.9301366766815901,0.9110885653445059,0.8989659284814405,0.9401483628435856,0.9503258446599037,0.9361453619030612,0.9312025510165267,0.9013952620691655,0.9061799371003512,0.9454691966860165,0.9257235823954719,0.9254753969652599,0.8876159965297387,0.9412233436098778,0.9225336820372405,0.9188183229072133,0.9266456860143453,0.9216826919854999,0.867571044501524,0.9293089365663292,0.8775326382454183,0.919551188389261,0.913618512531339,0.9404286927642559,0.940887600013741,0.9388913303559511
GSM2674214,0.9308835541481938,0.9282242786658238,0.9575970996836531,0.9461559310374978,0.9579693732542706,0.9367231372863805,0.9281277853616736,0.913245509250441,0.9164477822767814,1.0,0.9151311423695181,0.950562937283503,0.8968373080121863,0.9230856035601488,0.8980974014355019,0.9622033112869549,0.8745290660893383,0.9037502965576781,0.8777089076723509,0.9590257966997465,0.8915299000570484,0.8931024668478975,0.9043459814709733,0.902009495534871,0.8866817508275384,0.8883662745200188,0.9111091682935796,0.8468768196400553,0.8768630268459918,0.9523476820398383,0.9397888976171087,0.9062870437924425,0.9344062050833758,0.9470844116673652,0.9240406102856837,0.909257127467936,0.9510783755010538,0.9512366725338403,0.8297385045206478,0.9225059547472555,0.9525826059351531,0.9127668021892804,0.9210817733332493,0.9440114559926194,0.9174741488412851,0.9474681849472238,0.9468988395856238,0.9204039144583896,0.8973491724637822,0.9292936853763052,0.9278181229087736,0.9222552752797922,0.8833801373934137,0.939884173355201,0.9379724818476737,0.9349108409173933,0.9438437929659906,0.9460570646261086,0.9429781266235501,0.9326111293447193,0.9246530320485219,0.9486253740971479,0.9498718014296457,0.9237462240359559,0.9005602524594312,0.9092080359346659,0.9313556321011666,0.9260870475169742,0.9239236655525032,0.9112172007924063,0.9293570649719218,0.9423061526853539,0.9165360862707305,0.9062839118370903,0.9148700659579088,0.9515453262721862,0.9482535505147207,0.9262252622330753,0.9385156247329429,0.9283680404809611,0.9308596487788878,0.939233176017233,0.9223395349900411,0.9422585208597715,0.9307788939186774,0.9591845554156125,0.94052048211124,0.9243289378539982,0.9407628257566101,0.9472354258708541,0.8608772087246646,0.8791710922910859,0.9324049153475057,0.9511306942384187,0.9326825763928848,0.9014164077538573,0.9217747477031851,0.9540395737167531,0.931305057332389,0.9272811089957291,0.9366536645762397,0.9285219648123827,0.9471546872885158,0.9061118714764187,0.9287032014419195,0.9227314707779329,0.9024664767885194,0.9484939750829019,0.9321686310351057,0.9525328541596855,0.9357611065210014,0.9347286177262274,0.9355158592135698,0.9438135914891445,0.9453835002326899,0.9305174795369208,0.920042288377524,0.9394588225690571,0.8526516245500881,0.9470027820482239,0.9243355943551723,0.9344728025072979,0.9336926033641232,0.9568126732853238
GSM2674208,0.9092182073463544,0.913051745865177,0.9382772539595636,0.9238989906948332,0.9189056912713828,0.8813869244472301,0.9009311662424333,0.907451646850499,0.9093830143132062,0.9151311423695181,1.0,0.9341440637079984,0.918570034166626,0.9294385520271624,0.9183587705062445,0.8886537643300878,0.9099796902220285,0.9053173084032033,0.9023278041164635,0.9027283663980028,0.9084308928791491,0.9034724030777587,0.8910672561469326,0.9198505684505027,0.9228764268742616,0.924648701714902,0.9387312237074873,0.8835123252991589,0.9286679090108853,0.9004389168806903,0.9068787091977539,0.8356395933555353,0.9260524496508149,0.9146196964547016,0.9159530810136223,0.8949363267150177,0.9050669223570842,0.880952593140286,0.8613378936193795,0.8713328914286268,0.9178247974797109,0.8708287843769769,0.9301085877721612,0.9246599556161271,0.8913342591672206,0.9160643369618109,0.8985004599850456,0.9236900565757439,0.9090959704605114,0.8998249375551954,0.9302925474721434,0.9263158591044529,0.9022056064786241,0.9111115685508514,0.9040986701867875,0.9165500576213448,0.9050212333297688,0.9290206683614486,0.9231205718859397,0.9143834533670618,0.9072237816324408,0.910004814339029,0.9129634566527285,0.9025026516094273,0.8698923943522568,0.8999242962286517,0.9202971262283988,0.9150594191938672,0.8907683018613747,0.838199909303615,0.8938116116327666,0.9173931014984139,0.9145793470111618,0.8455886771571761,0.9301522426783715,0.9158629681273341,0.9220837255026012,0.9044501517796091,0.9194138136400719,0.899560112727328,0.91066046979329,0.9238474471386702,0.9165437219400225,0.9139390015305836,0.9305980320059767,0.9221715153742066,0.9180249149003157,0.9261535629993694,0.9289323303153837,0.9167489475700223,0.827693334837538,0.9088682087516085,0.9218116715436404,0.8967681474639249,0.9125920317787773,0.9252313017424464,0.8819458434397246,0.937586938586658,0.9292865783734258,0.91605947813295,0.8808416935328284,0.9176964263815819,0.9277097996169159,0.8949663947111042,0.9182086349323746,0.8892909874354047,0.8779879564781065,0.9214650204480102,0.9162381020259763,0.9062516943612476,0.8777038639946693,0.9210330748100957,0.928102515428511,0.9089458536934367,0.9164620127094973,0.9132640701492969,0.8619046951051688,0.9052523927131684,0.8891679095942714,0.8875939851361268,0.8902705141082633,0.911699304379557,0.9138115690881073,0.9224572143422634
GSM2674209,0.9276766780179212,0.9210647994220096,0.9573499701782415,0.9411603619441823,0.9367530385281465,0.9103785874948077,0.9208746594424799,0.9127155378306493,0.9193079083465997,0.950562937283503,0.9341440637079984,1.0,0.9256111838212797,0.9343547886525347,0.9358366316565078,0.9326604108177864,0.9081538410668148,0.9199795224654151,0.9174049599779192,0.9355538670399334,0.9120357405527688,0.9169620362625733,0.9061260628985627,0.9340188628966286,0.9204486933936318,0.9278752097650663,0.941306019998897,0.8969393841571184,0.9163269259234538,0.9347402553501263,0.9369263320420149,0.8755744760524591,0.9345057241557148,0.9418723681558877,0.9301291136056441,0.9056572276379586,0.9360860337803544,0.9231234162342623,0.858165878755311,0.9031785474656782,0.9421573217707836,0.8969197478916753,0.9325115910128086,0.9433243940903749,0.9116942629712802,0.9419075054612306,0.9329521272259316,0.9293440037520324,0.9144918656626576,0.9210952230134021,0.9401060719269786,0.9329260257187897,0.9034363171225471,0.9330313150372627,0.9280838342235911,0.9345401568798801,0.9333928550574382,0.9463905274980045,0.9416015280634684,0.9317716974601004,0.9386534652236361,0.942096358080841,0.9406991685260931,0.9204278596499526,0.8914984532291197,0.9091135152181721,0.9325844547935332,0.9334210562223417,0.9161236870883577,0.8734189833508457,0.9244960488133926,0.9382940563954582,0.9290658361655574,0.8779916587166697,0.9353632015910358,0.9460850409101113,0.941199967840146,0.9194483969897707,0.9434739097743842,0.9123311240927233,0.924181373090627,0.9449279829494555,0.9290492974223559,0.9421653682962173,0.9433158866935466,0.948787741431726,0.9420463030830718,0.9398826312642531,0.9429852995275161,0.9444692107323183,0.8581808645188388,0.9109114057476718,0.937948472726259,0.9356689814014931,0.9332549254304868,0.9219368751931467,0.9047768090819073,0.9562081061865825,0.9385765457514488,0.9272169269363577,0.9144046874425868,0.9306191726328222,0.9465110156114104,0.9085151583098443,0.930977693323072,0.9138919364543459,0.8889615560093351,0.9410280930687234,0.9307341348779987,0.9399727701741543,0.9132899897009711,0.9318764214924702,0.9495708338617512,0.9326139736488687,0.9379277471685865,0.9270859274754026,0.9009819742850445,0.9312332987297276,0.8754971336206376,0.924176449343536,0.9196041931770914,0.9329331062397578,0.9363322807247205,0.9450291559043971
GSM2674210,0.87031671747901,0.8747420595165817,0.9088803819550462,0.8975596368740186,0.8994606709362298,0.8679612031300926,0.8816800723915217,0.8799091085380103,0.8640804239073941,0.8968373080121863,0.918570034166626,0.9256111838212797,1.0,0.888857108960309,0.9373967591327365,0.8561627380961784,0.9193742675713619,0.9150227238951777,0.929512451887819,0.8928473294300642,0.9037779219508344,0.905732505159864,0.885112217728469,0.9151724073826241,0.897640339090663,0.9208708052863134,0.9152431408492961,0.8856727553422056,0.9190595707447877,0.8723719397365074,0.8670238639530323,0.8127908859923353,0.9037369191064415,0.9009080399305389,0.8897572520069866,0.8546015864447303,0.8894310270953286,0.8598004467516679,0.8152504643798999,0.8501401601967936,0.8880099440373355,0.8524859126318343,0.9011613663081051,0.9119292818613409,0.8761515952464839,0.885606509250863,0.8795701092183725,0.9014071201676759,0.8741370506790194,0.8888900158217036,0.8865143168948422,0.8963948479014597,0.8848448026483161,0.8851111473589898,0.8795751035710097,0.8805533203058558,0.8901763216272193,0.8991217778810588,0.8989068059579762,0.9074915113868312,0.9044423191248739,0.8842888993911427,0.8903001111338277,0.8666216633820759,0.8478504974769043,0.8763967632075714,0.8898182070720866,0.8966627132955813,0.8814990516867431,0.8295407170885903,0.8862566856219726,0.8950977032473271,0.9093332118819726,0.8305678540911847,0.9001234128638151,0.896282598528211,0.8869741103662374,0.8839443801335449,0.9031589090964803,0.8637296088680344,0.873615551284262,0.9139995049344284,0.8781006297220642,0.8869474355334463,0.9090206924968726,0.8872623666332756,0.9089390748983986,0.9117537732206265,0.8944245528629214,0.8849681989405065,0.8598492604678227,0.9002825490573504,0.9056520858347462,0.875065151423771,0.8922195882735805,0.9025711691817416,0.8733010403997986,0.9006957727625347,0.9105666851756445,0.89302016055408,0.8545041741199725,0.9006223053090832,0.8962602447747272,0.8672030772066267,0.8896070522161383,0.8746073788104385,0.8516945639800563,0.886724862876654,0.8937119316645951,0.8856178295666898,0.8618041610180547,0.8927119194167221,0.9053629581272984,0.8812683977953231,0.8891306350948798,0.8905502650822281,0.8628029464566004,0.8845828866507897,0.8615395427336346,0.8736804873602887,0.870778495840334,0.8755683906517027,0.8828425512204017,0.8858508278250761
GSM2674211,0.9426174252506083,0.9457041245955826,0.9518067632817312,0.9437974278161657,0.9415374714342674,0.9052924411375514,0.9539561535095963,0.9603996550004359,0.9445626568607798,0.9230856035601488,0.9294385520271624,0.9343547886525347,0.888857108960309,1.0,0.9040586080410637,0.899359891134968,0.901427798813272,0.8948301653432302,0.910703466936531,0.9055287551233857,0.9133957987849307,0.9205067578278026,0.9002786598386031,0.9172448994077601,0.9212062922022733,0.9230841892902527,0.9508349478808189,0.8943133975802302,0.907036998080561,0.9176539160229151,0.9220069572578089,0.8374135852245534,0.9480486821696569,0.9398299298533309,0.9336012435585994,0.9199596426227092,0.9125299955603839,0.8900453151758347,0.8799929132298309,0.8833214627985583,0.9360761483302389,0.8874409142886562,0.9486137161038222,0.9309523147952994,0.9231176518410945,0.9237325926598537,0.9128186955153914,0.9385263021004308,0.9357075188495175,0.9162709566800166,0.9480630631340379,0.947219612172125,0.9219166915980591,0.936675777623727,0.9258294451942007,0.938822181165757,0.91595635846488,0.948339974309533,0.9453699629844323,0.9215493308802851,0.927034502270634,0.9180439698557802,0.9380012993464848,0.9227120784707478,0.8833814569888204,0.9211607493997234,0.9457773703706995,0.9392057251805117,0.9036753713180788,0.8475371243041616,0.9053598859550266,0.9363048633824266,0.9333244825834693,0.8603572468102638,0.940040333337502,0.9301919861963447,0.9357070424346325,0.9210388040302495,0.9316703621626496,0.9255741966141826,0.9464474655067403,0.9238567995381701,0.9430867543745627,0.9252232644878903,0.9490832513350123,0.9381083482488173,0.9315486272735714,0.9299599738811608,0.9458227941040387,0.9254519178354578,0.82138581208062,0.8992939286143169,0.9410238010057722,0.9043945596770196,0.936913490418792,0.9296772516985914,0.8985176111583366,0.9490401959381924,0.9512021655432639,0.9295915089350502,0.8923021453007405,0.9379476462763859,0.9499388843350288,0.9108636922732106,0.9293634220883523,0.9041139488250144,0.9085312378602378,0.9516575070166453,0.9438688480455981,0.9091591502491133,0.8911030944774998,0.9391733997008773,0.9262706260176841,0.914932458102908,0.9384123069585315,0.9321446555075085,0.868578143841148,0.9205057456566855,0.9107711653365284,0.9023986555535348,0.906475994349847,0.9334392306432123,0.9338051964169222,0.9313148632649889
GSM2674212,0.8601488402146024,0.8737604368854778,0.9161033662853857,0.8970319168584202,0.9104553355579099,0.8786704542980339,0.8956174915660629,0.888421330308688,0.8750082289916555,0.8980974014355019,0.9183587705062445,0.9358366316565078,0.9373967591327365,0.9040586080410637,1.0,0.8623714221880802,0.9220882556321924,0.9144025738426179,0.9267661120034845,0.8816004400584498,0.8908533885294899,0.9219552593103362,0.8702632644809657,0.9270539575192926,0.9029096608393852,0.934708635683001,0.9242790600685853,0.9006308095751268,0.9171009628429296,0.8724846011972294,0.8696723164947057,0.8171396273235119,0.901988031481947,0.8961253443283542,0.8971667980893946,0.854871261874176,0.9009538345376346,0.868360885788113,0.8068697151002807,0.8637811391501117,0.8982937870490206,0.8652793367662821,0.9083945714193509,0.9226596222273284,0.8836175892842272,0.8935856892295404,0.9019356683945589,0.9007858501169006,0.872691745291513,0.9007291672864484,0.9048897353286122,0.8997747111483411,0.8853351695083873,0.8982168723972479,0.8900339168499074,0.8749213074904133,0.8982687083256383,0.9134694294533147,0.903577605286425,0.9252652034093177,0.9179174303440384,0.8976351981267439,0.8962849426798322,0.8755458381734509,0.8579329353049838,0.8671315007526913,0.893442140534155,0.9052133794189906,0.8915250997191979,0.8477276376477192,0.8854785596546482,0.9140502071819144,0.9047371535406423,0.8316363838837636,0.9053492767801168,0.9096724331339416,0.8927713883032665,0.8774312421489006,0.9140602680222364,0.8642023324528757,0.8758780609343254,0.9271696050032497,0.8743205821516978,0.9034985666760375,0.9156843062673307,0.8963849810704028,0.9176538116744665,0.9053289325708016,0.8996395796864959,0.8988934128031207,0.871203698822516,0.8950276214642698,0.9149102925609397,0.8919675216696891,0.8845932487808302,0.8967429295062066,0.8831564510054971,0.9138965575478667,0.9247628321210593,0.9069806648764935,0.8705640233961363,0.9098766783258402,0.9096268509563897,0.8718713133058245,0.8802448046699041,0.8982026975953193,0.863561960313693,0.8961104380602554,0.9052923874062172,0.8904430329820531,0.8742070154966206,0.8970918634629628,0.9096002473365281,0.89347478258748,0.8985979626497848,0.9040538106683482,0.8869632001776925,0.8798396083299717,0.8489062345737448,0.8770938035447909,0.8759970972912432,0.8824232074273536,0.895224079483398,0.8987578117787784
GSM2674213,0.9156684332769496,0.9128990350855621,0.94075925498892,0.9185122183509994,0.9356755367236551,0.9253779347356826,0.9057772665969459,0.8841154311607111,0.9066483842154267,0.9622033112869549,0.8886537643300878,0.9326604108177864,0.8561627380961784,0.899359891134968,0.8623714221880802,1.0,0.8306283828394775,0.8817965286449765,0.8407046397364529,0.957905737607947,0.8639694197968811,0.8589266678391436,0.8851839505062975,0.875070463835427,0.8484840950009503,0.8588282857054922,0.8711909694658111,0.8205022030561193,0.8364270587961389,0.9537845814083086,0.9443318359555208,0.9104777213977963,0.9115431537233503,0.9257410279895286,0.9069231340009316,0.8980088880434038,0.9380573538831004,0.952868951584195,0.8116263950517119,0.9140892906454267,0.9395429428406683,0.9084602421806793,0.8883277015566372,0.9240432733411387,0.8991768574681095,0.9376392276781969,0.9333031148339264,0.8957797249063661,0.8777058695742815,0.908621934977466,0.9106085485993295,0.8994816766798124,0.8557999037146109,0.9261844931815528,0.9282925994735616,0.9184749546575086,0.9285032913985338,0.9305695395290056,0.9305286940355356,0.9107658008224297,0.9078035451137769,0.943650376037675,0.938635155516421,0.9109544967205873,0.8981301914529172,0.8871843667808281,0.915478543340554,0.908384054826219,0.9104923484297116,0.9049074347094926,0.9166259887980999,0.9256828737399347,0.8900364685830493,0.9101490927005216,0.8885308309633517,0.9404035530485483,0.9382815836581919,0.9100962250543156,0.9216801351889901,0.9198082968155542,0.9133736575879888,0.9209899799278405,0.9024872289219715,0.9361584739995833,0.9080168162532238,0.9511723313676561,0.9116737036820216,0.9055049619874678,0.9212844412887943,0.9360535814625248,0.8472911896376297,0.8564640964765662,0.9050366047872052,0.9437046172038802,0.9095407127973721,0.8799995814700674,0.9005015748331808,0.9379866576987188,0.9045016408755779,0.9088731576222808,0.9377883287402881,0.9130546652750305,0.9279940032459728,0.8931787385237231,0.9202002520010595,0.9125253328224563,0.8875400869758284,0.9368037125985696,0.9111042862350688,0.9440073126005317,0.9283807250569528,0.9171128088600341,0.9249144051447801,0.9377845995394285,0.9291095703849817,0.9104797602012743,0.9067252873821338,0.9314688983058186,0.8216285053247665,0.9368170891663397,0.914860785224115,0.92369108140252,0.9243741395280077,0.9463911206353921
