,GSM2674169,GSM2674170,GSM2674171,GSM2674172,GSM2674174,GSM2674175,GSM2674176,GSM2674166,GSM2674168,GSM3304958,GSM3304961,GSM3304962,GSM3304963,GSM3304964,GSM3304965,GSM3304966,GSM3304970,GSM3304971,GSM3304974,GSM3304977,GSM3304980,GSM3304981,GSM3304982,GSM3304983,GSM3304986,GSM3304987,GSM3304989,GSM3304991,GSM3304994,GSM3304995,GSM3304996,GSM3304997,GSM3304998,GSM3304999,GSM3305001,GSM3305002,GSM3305003,GSM3305007,GSM3305009,GSM3305011,GSM3305013,GSM3305014,GSM3305015,GSM3305016,GSM3305017,GSM3305018,GSM3305019,GSM3305022,GSM3305023,GSM3305024,GSM3305026,GSM3305027,GSM3305028,GSM3305029,GSM3305030,GSM3305031,GSM3305032,GSM3305033,GSM3305034,GSM3305035,GSM3305036,GSM3305037,GSM3305038,GSM3305039,GSM3305040,GSM3305041,GSM3305042,GSM3305044,GSM3305045,GSM3305046,GSM3305047,GSM3305048,GSM3305049,GSM3305052,GSM3305053,GSM3305054,GSM3305055,GSM3305056,GSM3305057,GSM3305058,GSM3305059,GSM3305063,GSM3305065,GSM3305066,GSM3305067,GSM3305070,GSM3305071,GSM3305072,GSM3305073,GSM3305075,GSM3305077,GSM3305079,GSM3305080,GSM3305081,GSM3305082,GSM3305087,GSM3305090,GSM3305091
GSM2674169,1.0,0.9536550349190547,0.9403502444526995,0.953178607268594,0.9308002664778628,0.9062323215375407,0.9274940146468383,0.9318383683017322,0.9450864609842575,0.8648896262002049,0.9390586771606492,0.9578574496401844,0.9297727664723248,0.9347031145888678,0.9178668446237731,0.9089788864572909,0.8926219268172787,0.8801017785795734,0.9415859376322974,0.8910039751612102,0.9269540350390352,0.9194946196495664,0.9148370557444004,0.9299698567805578,0.9016033058466367,0.9338585252656861,0.9299553226310671,0.912528941784238,0.9317944535704177,0.9359566208746237,0.9021035055039943,0.9340789479644684,0.9176653356355128,0.9510734096734583,0.9140394783518225,0.9290886025176894,0.9331133182847962,0.9012842830226159,0.9208191310366594,0.9154740037874574,0.9410329368878502,0.9247416105136044,0.8844258132496132,0.9369464277096272,0.9427263334410605,0.9224167254890561,0.8911169263804612,0.846978568100113,0.9158512301048561,0.9161238068897968,0.9265345175782914,0.8717582657740723,0.9257861752544247,0.9214559935438915,0.9378018290650944,0.9346596808404648,0.929764011683874,0.9287505446702959,0.9372268168004027,0.9134201889726626,0.9449063136674714,0.9247997274896556,0.9399956404508423,0.9433639019568133,0.9207698394627003,0.9225647931472175,0.9415889811413494,0.9255045279246111,0.8056485290904738,0.8685901744326044,0.9234098941484803,0.9153117849789782,0.9570250340920394,0.923165478247803,0.8918041243187768,0.9444821715331069,0.9296912144666294,0.9119790035720526,0.8953086854141803,0.9189286953465796,0.9401992332616008,0.9186695793688405,0.9360449450460613,0.8804846555238958,0.8930652097830939,0.9441533237192135,0.9240469017365807,0.9326794123098996,0.894335853592652,0.940330516426913,0.9302320975961389,0.9199925309234833,0.9345208541175791,0.9189904312438504,0.8646577954073477,0.9443317350258611,0.897818758721574,0.9243482818598724
GSM2674170,0.9536550349190547,1.0,0.9514617154446895,0.9484168927022573,0.9535371923591018,0.9333095545901181,0.9383823795796161,0.9418165239649852,0.9630318680958986,0.8617341135082989,0.9523809050121571,0.9531162079222321,0.9215886415594681,0.9421766113777149,0.917642203444484,0.9008468124348237,0.8830355312508507,0.8897775783267045,0.9407549686057673,0.9080968666935485,0.9296826611824315,0.9198665593428912,0.923660998987437,0.9295226004768635,0.918294224925414,0.9369166054173158,0.9404029537333303,0.9266694954858746,0.9364345244664444,0.9339078256521568,0.9138178673473208,0.9337760558693452,0.9198784412262104,0.9339586997784391,0.9243044142116114,0.940758695689411,0.9314012684380006,0.915656987509526,0.9185435686885451,0.9168116318621623,0.9408468495627775,0.9207466710594441,0.8910147907011385,0.9413747032655717,0.9444616224713699,0.9437907854008014,0.9086833192674306,0.8691507382003668,0.9091692017209374,0.9299988645036452,0.9220546850790082,0.8842049856519623,0.9149675721980576,0.930552974558371,0.9466278868274263,0.9338233174354145,0.9299688136841788,0.9471686005517556,0.9492115830336073,0.9197338369569505,0.9373474255138671,0.9291420044841687,0.9326275454147646,0.938137607561564,0.9170334823116971,0.9106434400925115,0.9332785360681374,0.923051002045081,0.8296994937035974,0.8560644612664184,0.926833603845529,0.9144753125638432,0.9478338059912117,0.9130059876873816,0.910980923080125,0.9431338043741438,0.9328905165915021,0.912595956646154,0.9072905879914233,0.9346327144751874,0.9484469339743604,0.9384316293317082,0.9353101959731025,0.9061267514552817,0.9200463841615188,0.9475802439120746,0.9334520098138965,0.9266802510980773,0.8975878329099586,0.947029245606713,0.9268738644262248,0.9229042965392583,0.9315061550124774,0.9239023705698729,0.877271145771596,0.9379504425542544,0.8904506603765524,0.9300382323988412
GSM2674171,0.9403502444526995,0.9514617154446895,1.0,0.9562484195959718,0.9625480795091,0.9455124399365891,0.9385824470313162,0.9346963204987306,0.9503134981396368,0.8807425108386273,0.9564732324638852,0.9510997758102143,0.9371692824387625,0.9246718193567849,0.9457189878392406,0.9286213730151727,0.8771945442375182,0.9167302623873498,0.9453871228718639,0.9164761123262245,0.9416577609069255,0.9511669165580114,0.9275039009476611,0.949436406211282,0.9419334490816722,0.943783175703243,0.9292027851181325,0.9316009974264773,0.9491609468873976,0.9426213790560313,0.9237774055279299,0.9420405964232151,0.9374078222312869,0.9406946139644237,0.9422017799722566,0.9622693232459716,0.9572609303169329,0.9463299573254972,0.931456399045037,0.9500786743316283,0.9523728885075736,0.9181400160527428,0.9193007007844981,0.9280437555297866,0.9459211786203289,0.9439568419062904,0.9332917299985761,0.9001865485448565,0.9189560813087689,0.9518069966061649,0.9340172848392105,0.9051094834364966,0.9380206603468031,0.9517918686682957,0.9550357161078832,0.9410642166312754,0.9457358652549509,0.9344232081630851,0.9442156737875838,0.949650281785284,0.9392330034896544,0.9439631503068499,0.9492811792953004,0.9536200974413043,0.9412375909185093,0.9320395339397055,0.9468293782234167,0.9465082758699246,0.8594359864253813,0.8964219397874307,0.9448194627932363,0.9388248297699756,0.9409135621268925,0.9287552536753515,0.9210482984784586,0.957211839873645,0.9439214684441823,0.9340030239612576,0.9335815529682318,0.9512995200389681,0.9606503402380415,0.9323823397754708,0.9491109941304892,0.9375174898897185,0.9136877347905331,0.942988720347529,0.9394931722521656,0.9462110351726194,0.9189162356308367,0.9487107186745303,0.9500195495246646,0.9394737852572735,0.9357996849377507,0.9352702321103923,0.9156242943154177,0.9448007093281218,0.8902473741919296,0.940639058493111
GSM2674172,0.953178607268594,0.9484168927022573,0.9562484195959718,1.0,0.9482942254286746,0.9314702826749597,0.9401758246332489,0.9375314387734676,0.9373624989325703,0.8584272310135005,0.9495073297764731,0.951384985529793,0.9186391254175632,0.9248411486713851,0.9291591908066846,0.9060549511118217,0.889287627546251,0.8959363126833991,0.9305549428852375,0.9003238557474597,0.9319530789362072,0.9337739247897727,0.9298409321004945,0.9306892442752339,0.9211486827718302,0.9400508603715665,0.9235586874566121,0.9237481249439764,0.9395714975831745,0.9474583337366743,0.9119991354520046,0.930871059120334,0.9222892670624625,0.9382510598837921,0.9130496641245647,0.9398559497500724,0.935824253096974,0.9217762986373653,0.9141207457621262,0.9292419518147101,0.947855208350827,0.9091726120021222,0.8890008755638106,0.9244733987546402,0.9449037685843945,0.9408102531390553,0.9083399232215419,0.8708687474963468,0.9249601666078788,0.927649785382969,0.9420063477964441,0.8905463363171067,0.9215948489704188,0.9342250042637336,0.9425199483732856,0.9349696011876562,0.945476953514175,0.9202752798017289,0.9304758353501518,0.9257471102632534,0.9291573776729971,0.9274838497523028,0.9320262609285804,0.9384114777014101,0.9370904813120432,0.9272125209683341,0.9330657899251932,0.9338078264716759,0.830682799704661,0.8925908981044536,0.9358551517288902,0.916726066377095,0.9457397933763403,0.9192030447236024,0.9011861718522066,0.9509299326036628,0.9325210719734784,0.9203089082943927,0.9080326780544863,0.9309126127874291,0.9453291276742251,0.9212005669081018,0.9394822584832472,0.9027079001054877,0.9040048150397785,0.9365501392775478,0.9261586927542514,0.9261442824866857,0.8970557049038934,0.9418096970168222,0.9401149571311382,0.9250965963286921,0.9284758939032091,0.9204835171824436,0.8870685476310789,0.9447493679972682,0.8987259761531434,0.9227583811261633
GSM2674174,0.9308002664778628,0.9535371923591018,0.9625480795091,0.9482942254286746,1.0,0.9613550912148184,0.9522057079113997,0.9449294069368444,0.9470504994849028,0.8889684948809393,0.9565207560821959,0.9538840556080923,0.9258718248584598,0.925629471380634,0.942245629723361,0.9299033250495878,0.8552209488725009,0.9181886176843357,0.9507376635580883,0.9200247277076549,0.9400269087025578,0.9426125729585493,0.931974340867828,0.9464296320145478,0.949062132125783,0.9333566210171297,0.9287057930532786,0.9485883347036451,0.9380161401199231,0.9348850742648523,0.9177654225792807,0.9430710525947845,0.9323985969949333,0.9278661588987596,0.9499916542217932,0.9541906810791415,0.9435516859790825,0.949254502625707,0.9376960187538499,0.9408420648458287,0.9489451868917136,0.930300431531933,0.9013548770436214,0.933818763532982,0.94309048295029,0.9410221767497954,0.9391770780881233,0.9138175832237431,0.9233392272045128,0.9589845687281987,0.9308237349324407,0.8993790758630852,0.9272998346459441,0.9530466545685004,0.9557513108488288,0.9293131964008189,0.9433841008602495,0.9413418096507409,0.9416799721681935,0.9473267076324454,0.9334992025638321,0.9440351091900044,0.9394694286863537,0.9517516050017846,0.9405982390891433,0.9206029569060731,0.9418716515643474,0.9378453092756147,0.8706660711738828,0.8707332335891893,0.936952789341958,0.9404730230820351,0.9390034131940926,0.9138286333419938,0.9394855201287179,0.9553121607391049,0.951269516173023,0.932398287583249,0.9341286612987748,0.94766235887921,0.9582337421405336,0.9206230699115334,0.9315585696678631,0.9406697708240795,0.9311019437841667,0.9572701284112684,0.9584731817672654,0.9417650800025474,0.9285186158804923,0.9506957197650587,0.9375700115863386,0.945896531268072,0.9538920296276918,0.9444422112447812,0.9235766167571768,0.9387588336086885,0.8819238154986744,0.9459274621390644
GSM2674175,0.9062323215375407,0.9333095545901181,0.9455124399365891,0.9314702826749597,0.9613550912148184,1.0,0.930450841327927,0.9171266429922676,0.9291678093169754,0.8742109054937363,0.9351160982385323,0.9311576688455149,0.9095360351681235,0.9034972969257006,0.934289047132078,0.9222020842790646,0.8242864328985441,0.9050079366679641,0.9305322538405634,0.9140911186535093,0.9050535440687303,0.9260112079393705,0.9234814190509305,0.9227618103899855,0.9334193246140636,0.9148738105522193,0.8923487271612147,0.927855769045228,0.9099528003331068,0.9081784605026734,0.8902322973629307,0.929675654196476,0.9223308154615082,0.9010308781627839,0.9276473156496058,0.9321129912373959,0.9301517816597935,0.9316525066387409,0.9124562390266542,0.9289367854262924,0.939346917385291,0.8989829674822137,0.8997190397873304,0.9129732288463009,0.9284286941197658,0.9203317092236332,0.9276259555223085,0.9068058718777408,0.9122902299913106,0.9364817648666731,0.9111217732073137,0.90258412158713,0.8914360778641259,0.932342048125514,0.9343019267584217,0.9218135239960172,0.9262283210430783,0.9178022396547622,0.9132434982609225,0.9324552493388414,0.8956901205173303,0.9235246796276998,0.9140692027524195,0.9271117468580108,0.9208042074950905,0.8983100294518391,0.9130514269664503,0.9203256997810877,0.8619055030457679,0.8485624183265912,0.915819947460088,0.9257357717158363,0.9135718528285288,0.8879105896013871,0.9188259114935566,0.9279644085163928,0.9234857560303451,0.9133730005069415,0.9222239970519859,0.9355735489589375,0.9333551362875,0.9070572201551373,0.9191405430309961,0.9256314471077516,0.9076487194237176,0.9263849704114472,0.9237750224746326,0.9274413908081148,0.9125529117363547,0.9258308103514428,0.9167609452407499,0.9302784444991848,0.9213300191037364,0.92373019950205,0.91848490237323,0.9324216990905455,0.8446321593517214,0.9343590078314996
GSM2674176,0.9274940146468383,0.9383823795796161,0.9385824470313162,0.9401758246332489,0.9522057079113997,0.930450841327927,1.0,0.9855705614219056,0.9347822038792275,0.8444938160382699,0.9428897785946744,0.937995435231558,0.9311126576257813,0.9101519627465584,0.9186317622353799,0.8969071283261799,0.8579165402212714,0.8995551999009541,0.929373396710625,0.90901681591779,0.9302058769248152,0.9268365464688906,0.9350872998319747,0.9098272929569804,0.9236047164651839,0.9176618578206964,0.9074073638463721,0.9255824956620199,0.9305039563016331,0.9262099695161226,0.9056173647777787,0.9404269109717723,0.9262672559631936,0.9195018642214865,0.9187628495237037,0.9380256537313376,0.9384871279072843,0.923362771611789,0.928286128911665,0.9145081209977557,0.9388428230971911,0.9138009590451943,0.8906596330663845,0.9165602864384289,0.934505376445931,0.9330902707542355,0.915094814676048,0.8831404364637863,0.903960332246354,0.9329999287630604,0.9314670093547912,0.8893247656615465,0.91095780232903,0.9274041207603346,0.9289775186102843,0.9239497657518256,0.9276735247001187,0.9215450941285814,0.9307017566708367,0.9297245535191001,0.9202906574301135,0.9156908768980445,0.9323102333194234,0.9294615118521942,0.9309624833407434,0.9157628712637997,0.9235676591649999,0.9128680521820708,0.8386532946104907,0.8751859365192493,0.9337965467574899,0.9123217213008379,0.9263178047721234,0.9115240210813994,0.9100284472751825,0.932134179131894,0.9426409741097462,0.9246758662876758,0.9054063058436055,0.9335676683032628,0.9384269297507636,0.9099431252449608,0.9101242520127176,0.916474092715718,0.9237238039855068,0.9414426542708694,0.9401114911826483,0.9110322888535592,0.8959385702492547,0.934616468770817,0.9152281018404157,0.9185565777883203,0.9325837566964873,0.9343139901915443,0.894051408094826,0.9205295187303268,0.8886399133643803,0.9163988773882944
GSM2674166,0.9318383683017322,0.9418165239649852,0.9346963204987306,0.9375314387734676,0.9449294069368444,0.9171266429922676,0.9855705614219056,1.0,0.9356631987133641,0.8330446968276671,0.9420463714001927,0.9346386814370966,0.9305152300247521,0.9130477294228757,0.9063626861504049,0.8838357263354366,0.8728827861118148,0.8851828846145973,0.925404231428666,0.8988680424810601,0.9350235023037999,0.9198639012380141,0.9317824374011374,0.9065716960441152,0.9080188194473762,0.921979938670703,0.9188138571317158,0.9201521235426312,0.9342203730832654,0.9296167613180227,0.9141001016052422,0.9342668460941428,0.9196721360941231,0.9237125704521729,0.9107515583057989,0.934654788483426,0.9357108289773585,0.9151160172822619,0.9232332450188934,0.9035793201047896,0.9308259211477876,0.9153813741423376,0.8836056020765042,0.9230456440391943,0.935612714134661,0.9313411687025352,0.907293749011392,0.8598885837532504,0.898031617685777,0.9291444832119803,0.9344150760583623,0.8711721692520994,0.9168032018506539,0.9198389451772304,0.9263081466541034,0.9194173711583604,0.9215422181518584,0.9221094252964197,0.9340252077802044,0.9226821607315867,0.9281035775545576,0.9106127311886327,0.935703860949171,0.9223229034881908,0.9244861954563475,0.915864731940368,0.9245684766809149,0.9030246876441055,0.824283004462439,0.8768617988094605,0.9317654693599914,0.8971718880186024,0.9286249896437405,0.920330122941434,0.902573470239173,0.9291039237009977,0.9455052905901623,0.9218087800422659,0.8885241660383632,0.9312570455089476,0.935788874819005,0.9097757275382652,0.9092229414251285,0.9030321725595425,0.9191686535446998,0.942267120727117,0.9403616135708395,0.9014664160431868,0.8836871856817045,0.933129574207554,0.9167616684769924,0.9089311151190891,0.929478553708523,0.9326121567299186,0.8759017430578079,0.9163224702618301,0.9049772685852107,0.904408422527867
GSM2674168,0.9450864609842575,0.9630318680958986,0.9503134981396368,0.9373624989325703,0.9470504994849028,0.9291678093169754,0.9347822038792275,0.9356631987133641,1.0,0.8546357752870306,0.9476843294985527,0.9455599576736603,0.9294311770888508,0.9420307476969778,0.9174150086633939,0.9011852409661811,0.8856933025027399,0.8890119627465806,0.9427718718947699,0.9082803505805258,0.9345401761043873,0.9209535264089023,0.9164768298909163,0.9314049821245849,0.91797306674702,0.9367968491973447,0.9412784235810652,0.9206735366833014,0.9457329066043192,0.9356097313517362,0.9126898390181518,0.9364161654617794,0.9202925457805124,0.9334662540035853,0.9263465630227739,0.9437203015308737,0.9365259839418096,0.9254975379899438,0.9242533449806354,0.920283309865099,0.9372474000786992,0.9206264462911852,0.8966133307751678,0.939374399006686,0.9401475857004562,0.9315651228295296,0.9090810804852713,0.8651753706739772,0.8952138421487397,0.9335073577092308,0.9173311842184331,0.8724325372269983,0.9264306906039872,0.9288024063415181,0.9460067677334045,0.9332775837818443,0.9276538371627088,0.9420846287738881,0.9470184926562346,0.9266701100397706,0.9402856682472817,0.933023133403013,0.939510246025058,0.938622145898169,0.9174066626815178,0.9101048391328546,0.939241668009945,0.924498748369889,0.8276357774565929,0.8550643988738758,0.9280693900217201,0.9172165036121724,0.9402529557435356,0.9183518930474049,0.9075263546716894,0.9471473784321827,0.934092053566634,0.9141301337766651,0.9089844107666564,0.9425283106430211,0.9529476200167588,0.9402102107113692,0.9321888770153485,0.9103022915675951,0.9114033037233074,0.9454587634922275,0.9289947792700733,0.9286805348561358,0.8938311368399604,0.9428950724645732,0.9253410209477778,0.9243476877141356,0.9284328470073429,0.9245445380157513,0.880091299302963,0.9307745115451089,0.8869474353535803,0.9245458269831914
GSM3304958,0.8648896262002049,0.8617341135082989,0.8807425108386273,0.8584272310135005,0.8889684948809393,0.8742109054937363,0.8444938160382699,0.8330446968276671,0.8546357752870306,1.0,0.8537064017239036,0.8701950936022538,0.8394422158728524,0.8533686744665901,0.8956279462584105,0.9178154904376662,0.749896018005865,0.8931739721378681,0.8830914488422966,0.8829903269255966,0.8277546109230504,0.8729281716429327,0.8491778431255275,0.9021082681448538,0.8922707133916067,0.8325526327863848,0.8247203938854463,0.8843951726792587,0.8444771976121704,0.829895958969527,0.7946177012696268,0.8743479205040179,0.8749385743209297,0.8459668090827274,0.8976671648120667,0.873224836306422,0.8641692991037918,0.8585971254790107,0.844620661625735,0.898179131098969,0.8843889664410852,0.8664811406935801,0.8591570644946858,0.8521069823933547,0.8559968607545786,0.8466070062392167,0.8858922107519017,0.8994721711349403,0.8692311867267539,0.887261690985466,0.8294601231450365,0.8759269361514644,0.8235731640589506,0.8981770660517922,0.8970389068799557,0.8438355658369785,0.8691624444852444,0.8608941421162968,0.849723156303033,0.8738705693523084,0.8413268847073828,0.8932228937334763,0.8411848938376135,0.8936393524611997,0.8669502514080215,0.8502835882879756,0.8641288061537473,0.8877870025362945,0.849070602417381,0.7865918688925216,0.8480799667255582,0.9075605563280699,0.8576849174360565,0.8117915480620254,0.888872682876742,0.8734965102649731,0.8456460113308628,0.85409802633244,0.9075530693322104,0.8580353826184878,0.8720318556923045,0.8302728498609708,0.8687199380160693,0.8808320214390304,0.8619182566837251,0.8786977338598805,0.8687807950510189,0.9142050806096638,0.9140605450663096,0.8623525472241921,0.8597109063734943,0.9058273816235348,0.8844476336198337,0.8652152641273072,0.892094728109591,0.8934103121442653,0.7571745421656044,0.9127970052985034
GSM3304961,0.9390586771606492,0.9523809050121571,0.9564732324638852,0.9495073297764731,0.9565207560821959,0.9351160982385323,0.9428897785946744,0.9420463714001927,0.9476843294985527,0.8537064017239036,1.0,0.9553106685617697,0.9317606770238944,0.9240641583592849,0.9261467853674126,0.9067232789216312,0.8842053952156981,0.8906479461343965,0.9370828265975873,0.8991579652200296,0.9346663778050851,0.9324881087458831,0.9236342610922209,0.9273138343721823,0.9231391311396238,0.9517091703853178,0.9323765146365465,0.9325020146603069,0.937580384374763,0.941942840115917,0.9294172200203134,0.9311781604308795,0.9210130971363916,0.9361862386845963,0.9288303944302327,0.9452958469046585,0.9435822148139201,0.9334645633362894,0.9322672709147033,0.9214956922956408,0.9456042454861309,0.9126742088062203,0.8879830626272555,0.930170306579554,0.9442313596669909,0.9458192220911448,0.9142907764929479,0.8715349273315219,0.9139487940997718,0.9371064765983963,0.9380766991550722,0.8868272394723572,0.926706746419967,0.9321461125975616,0.9426893052781893,0.9400696385011901,0.9313314403801738,0.9339141950010528,0.9407115144534757,0.9390397139189361,0.9401670099515478,0.9252495929002765,0.9406069512770998,0.9385347161341793,0.9270126551380027,0.9260933235962753,0.9370434567502914,0.9226965606393323,0.8430757098077576,0.8862337788821298,0.934131774922934,0.9176446391801173,0.9410041007144606,0.9275759422722222,0.9093799272411243,0.9476873708139504,0.9449445267468211,0.9202028030993064,0.9069579268069571,0.9438695338992492,0.9492079134416079,0.9261218155606566,0.9373689211622979,0.9153379294629043,0.9123159522500743,0.9461793992295423,0.9383764688584283,0.9266009557223261,0.898027664687687,0.9393135696066145,0.9400744522418146,0.9220430609001273,0.936209734943174,0.9268262772492009,0.8845326348356296,0.9327563028000532,0.9050684781626874,0.9240870752554575
GSM3304962,0.9578574496401844,0.9531162079222321,0.9510997758102143,0.951384985529793,0.9538840556080923,0.9311576688455149,0.937995435231558,0.9346386814370966,0.9455599576736603,0.8701950936022538,0.9553106685617697,1.0,0.9325669355704204,0.9308221552455096,0.9349614340890865,0.9255920156600727,0.875454484255045,0.8954658723946122,0.9499688443704166,0.9009980259945715,0.935419811793722,0.9321587445587107,0.9233133504414038,0.93494442542646,0.9249249705851447,0.9425893379811268,0.929641317244484,0.929916155028915,0.9313692926832207,0.9348011942142004,0.9101476014937399,0.9350245129711802,0.9233631034330544,0.9451767489245883,0.9399333874712064,0.9390624610930247,0.9409005680063198,0.9306165843907719,0.9412552036000965,0.9276293038668879,0.9488189797963062,0.9279545954889304,0.8888933806583705,0.936728825570107,0.9391275764293419,0.938374197083723,0.9088798799281164,0.8776043989531191,0.926361388082216,0.9336349261637265,0.9273647791758621,0.8873657576622979,0.9292257443930153,0.9313867040844248,0.9417995218317079,0.9416395488781623,0.9348616727668867,0.9410052881979111,0.9449428151862118,0.9335164039339369,0.9450146778990405,0.9314633828571934,0.9440138517550615,0.951679681596161,0.9305949259532075,0.9283100226183213,0.9429121183200507,0.9298224530892224,0.8387813204692838,0.8802791188201949,0.9320097796593183,0.9325236142697277,0.9714540028222457,0.9298778621214244,0.9156639922465218,0.9495328497797441,0.9421306936030392,0.9146397623847523,0.911414654675904,0.9330617140770373,0.9461682993672643,0.9293167332331829,0.9395841873389292,0.9099302574145721,0.9079695715734155,0.9530882296634137,0.937610506529746,0.9479750911546371,0.9135137776142034,0.9478678651276905,0.9372756011156838,0.925209462831657,0.948599465631126,0.9266887401899605,0.8968768617276434,0.9387551024221003,0.8911972504730145,0.9460812706243589
GSM3304963,0.9297727664723248,0.9215886415594681,0.9371692824387625,0.9186391254175632,0.9258718248584598,0.9095360351681235,0.9311126576257813,0.9305152300247521,0.9294311770888508,0.8394422158728524,0.9317606770238944,0.9325669355704204,1.0,0.9049572791454797,0.9168728215523124,0.9014218576630578,0.8764261277803368,0.8832989612710048,0.9459397978522153,0.8969289265880639,0.9303732601040874,0.924531753982415,0.9104826452119675,0.9126635410862265,0.9085514619993431,0.9319075351579802,0.9110149861461739,0.9051269461043442,0.9382469239627893,0.9260726024157854,0.8958003496859431,0.9417279174561574,0.9234143927321082,0.9335476660919929,0.9125800436327514,0.9328212168496611,0.942035200127389,0.9197717682032823,0.9403434896885811,0.9135239712293298,0.9362445961422341,0.9132065314556761,0.8934666390866396,0.9103448626308535,0.933436901970284,0.922499180701242,0.8968041489617365,0.8589820354430024,0.8989104794270083,0.924883699783708,0.9272045705648772,0.8768262079260031,0.9274101970394585,0.9190832752390091,0.9185090134401934,0.9252807659771632,0.924195453437475,0.917392597631724,0.9234439405374918,0.945616358769552,0.9272229907045838,0.9212276251709979,0.9493895616430739,0.9340369049166164,0.922991874988344,0.923197039470663,0.9388248100336508,0.9176598507085179,0.8302106174130925,0.8911903827484166,0.9308684833489526,0.9151904588222184,0.9250558697300988,0.9258008684554507,0.8842349577382903,0.9396514489523528,0.9411943321982924,0.9191484201030227,0.8968072199424343,0.933205441084391,0.9414603279416264,0.9160892272535642,0.9166132931042767,0.8992028458257635,0.8864770478231444,0.9314461582277002,0.9225735367156154,0.9227168996902091,0.8876318361570817,0.9255344780540643,0.9294966153616182,0.917766157942347,0.9242094932892218,0.9276802066338792,0.8819992051381887,0.9163942924028727,0.8885612169188555,0.907896971879459
GSM3304964,0.9347031145888678,0.9421766113777149,0.9246718193567849,0.9248411486713851,0.925629471380634,0.9034972969257006,0.9101519627465584,0.9130477294228757,0.9420307476969778,0.8533686744665901,0.9240641583592849,0.9308221552455096,0.9049572791454797,1.0,0.8970046421428245,0.886591598294825,0.8754228317085839,0.8722046468580779,0.9201361016770884,0.893395743376662,0.9139645537217026,0.9015344858717353,0.9070460634318398,0.9193025602979952,0.8921190678760432,0.9142191056590856,0.9240204101676934,0.9072159788762078,0.9232374696082055,0.9212906968153082,0.8906806378239015,0.9204090157721504,0.9059632510097773,0.9182634646258723,0.900801145125128,0.9195458848821554,0.9095251746347224,0.8893533644043976,0.8995665761496588,0.8991818049278412,0.9188220267044022,0.921059670870394,0.8747444094103224,0.9276252833609699,0.9326854632880971,0.9180178033768789,0.8862341024149416,0.8390176382389289,0.8907687771306994,0.9059794140389961,0.9013722490570028,0.8497093855835991,0.9069614763811978,0.9091027419207278,0.9308625343859043,0.90898290347237,0.9173993093796028,0.9256137030351671,0.9256556411496426,0.900593613324868,0.9217159991435594,0.9209250502989373,0.9127982379040053,0.9208479680375973,0.8993073449707503,0.893890957313407,0.9207779812048874,0.9115041059753002,0.8017427848970512,0.8396476912661459,0.9101299787317907,0.8971221165155744,0.9354241743872781,0.8978530910743108,0.8874439122642896,0.9257095181468379,0.9085851141925808,0.8981876696129375,0.8859465755302596,0.9097132897366484,0.9309545305821898,0.9154026369604985,0.9194328782204676,0.8790850780847541,0.9037306193756415,0.9270944459569564,0.9128237554252651,0.9113047218346897,0.8755371609512449,0.9291056280408716,0.907155602847495,0.912564672214881,0.9185335607515168,0.9092996360771266,0.8520978710993168,0.9203086423567268,0.8801844328673464,0.904875128329052
GSM3304965,0.9178668446237731,0.917642203444484,0.9457189878392406,0.9291591908066846,0.942245629723361,0.934289047132078,0.9186317622353799,0.9063626861504049,0.9174150086633939,0.8956279462584105,0.9261467853674126,0.9349614340890865,0.9168728215523124,0.8970046421428245,1.0,0.9479728136541302,0.8216999025470307,0.9148893479263956,0.9385337156769481,0.9136947234557073,0.9042355279123863,0.940292391333834,0.9105836246264696,0.9313001760416935,0.9482182447549825,0.9190087592918085,0.8830111081469909,0.9252178792081949,0.9129632169017404,0.907328098437974,0.8839522226759007,0.9329999186956265,0.9245284043015667,0.9160258260331844,0.9393870916607164,0.9356807927371178,0.9461143562401861,0.9428377903005863,0.923224125526075,0.9447240019066938,0.9546885636495782,0.904759534434805,0.9055285842567257,0.8981419715155231,0.925386245376408,0.9136495328741864,0.9255671204945403,0.9182057363947344,0.9186049045176873,0.9492346232552131,0.9054454175279688,0.9094389431674383,0.9049623306107949,0.9400298660992348,0.9343376282774949,0.9189766627437356,0.932139854454443,0.910964861638261,0.9099111051606292,0.9428126732593978,0.903809816407311,0.9358342402272761,0.9224469091210784,0.9427662708083113,0.9265115865766113,0.9160397837458678,0.9217878854425468,0.9370944342497394,0.8807513544854927,0.8732360942538285,0.9189945965450262,0.9542281381663541,0.9127526090510363,0.9027615670528499,0.9169349287448424,0.9391681863751284,0.9278558116478498,0.9158936729476556,0.9407336731577719,0.9330200664680495,0.9345068557293057,0.9043081555017166,0.9224135743503321,0.939557878907839,0.8996265993731241,0.929756882294929,0.921592449981174,0.9470097345928813,0.937222452567407,0.922320066018391,0.9261121338359116,0.9369770226061709,0.9301038669916393,0.9197752319158706,0.933161944844179,0.9315949375503777,0.8424920556647558,0.9444708952746252
GSM3304966,0.9089788864572909,0.9008468124348237,0.9286213730151727,0.9060549511118217,0.9299033250495878,0.9222020842790646,0.8969071283261799,0.8838357263354366,0.9011852409661811,0.9178154904376662,0.9067232789216312,0.9255920156600727,0.9014218576630578,0.886591598294825,0.9479728136541302,1.0,0.8003790411905577,0.9141234176738119,0.9386589748275068,0.9011749400416611,0.8831893150909947,0.9258543643404046,0.898587903099775,0.9347014478560624,0.9370426757004049,0.8956085702999427,0.8677981849582908,0.9088773586213685,0.898329446519062,0.8858200312493449,0.8559335373672357,0.9192423528376547,0.9207090139566168,0.915553841728271,0.9380139428972669,0.922546294642472,0.9286768496594886,0.9213472321846616,0.9122624015150307,0.9409704603856782,0.9327565160128022,0.9065095488132157,0.8991754181588005,0.8898483393391985,0.9009027467981127,0.8959277207175514,0.9132075519036557,0.9197918055640187,0.9120702534112902,0.9316084913358212,0.8764974913119314,0.9053186261732808,0.8867657608774077,0.9340822471658603,0.9315296303672778,0.9061348005685446,0.9135146646202474,0.9195914065007206,0.9094879716505707,0.920367636954021,0.9019785104261341,0.9299674287716999,0.9066239123043031,0.9452250623124692,0.9090068067581581,0.8960478944916799,0.9182530496334426,0.9247464388798732,0.8608576293256347,0.8477300580841229,0.899904511080085,0.948468074000358,0.9025793861613992,0.8771347213166399,0.9100615412362751,0.9291649798527605,0.9091429708104793,0.9013570016570093,0.9370857952985959,0.9138375342521116,0.9184809588451426,0.8881777587627399,0.912439319490425,0.918051521369137,0.8812693140941238,0.9341495801838041,0.9117446250147194,0.9501626153387578,0.9397557421740094,0.9126756495673832,0.9221234128265617,0.9314061220232905,0.9277206058212106,0.9094129617627912,0.92664541426911,0.9235608151706404,0.8162639825892686,0.9475018522013107
GSM3304970,0.8926219268172787,0.8830355312508507,0.8771945442375182,0.889287627546251,0.8552209488725009,0.8242864328985441,0.8579165402212714,0.8728827861118148,0.8856933025027399,0.749896018005865,0.8842053952156981,0.875454484255045,0.8764261277803368,0.8754228317085839,0.8216999025470307,0.8003790411905577,1.0,0.7935573237745092,0.866320982064695,0.7950462570590976,0.8987605064597235,0.8508776983283198,0.8460150477288743,0.8547748233217116,0.8113583096637679,0.9032850576729637,0.8994267647657074,0.8238075412962251,0.9055200863342853,0.9258279541751964,0.8740445138332084,0.8481263067389876,0.8513403826236084,0.9090252463321997,0.8177952387853827,0.8779426111757767,0.8635738508395545,0.8299410713836612,0.8670585528974101,0.8352579822606907,0.8587319053843004,0.8595869100644897,0.7946433039231651,0.8591805660718028,0.8878644445889333,0.8762150887029072,0.7998425411253572,0.7236350728365974,0.8307081632895031,0.846145755091137,0.8717137221378268,0.7657856927622582,0.9009324175738848,0.8448845469439885,0.8657209198130396,0.8584373615650545,0.8714124228414416,0.866792626105672,0.8879353711355196,0.842444173033887,0.9114980268478445,0.8579186461337124,0.8953235276102957,0.8676804823337593,0.8540876715667713,0.8687347893631542,0.9028825853642211,0.8596646885501165,0.7051274152613634,0.8547848950643404,0.8734708617968044,0.8232894911071955,0.8862303240195127,0.8777620272929125,0.7873465814342099,0.8994603974468848,0.8789470749168189,0.8574973984866298,0.8005162290926559,0.8550327744854502,0.8846046032695597,0.8707909884085756,0.8767745161343634,0.7886663977741888,0.8242962335652108,0.8816857558022657,0.8607542346893998,0.8251376123952892,0.7857471441732321,0.871111320886006,0.8952252148134335,0.8376225993153701,0.8594575859512972,0.8429882870886313,0.7502129467002365,0.8477912347319675,0.9273841200547389,0.8008395439714708
GSM3304971,0.8801017785795734,0.8897775783267045,0.9167302623873498,0.8959363126833991,0.9181886176843357,0.9050079366679641,0.8995551999009541,0.8851828846145973,0.8890119627465806,0.8931739721378681,0.8906479461343965,0.8954658723946122,0.8832989612710048,0.8722046468580779,0.9148893479263956,0.9141234176738119,0.7935573237745092,1.0,0.905754090074824,0.9008119720199518,0.880604292332159,0.9117213871695649,0.8939569910291624,0.9053220597502495,0.9228456455975297,0.8626912240454022,0.8469353554078114,0.8978962355558835,0.8910723869775256,0.8720225469120237,0.8393381448070777,0.9118807497483354,0.9109619095897588,0.8714247799389133,0.912897321250208,0.9103904224713696,0.907858479995837,0.8996057309465716,0.8849206325449166,0.9231954421683989,0.9156150704673667,0.8848399349390286,0.8948320967807313,0.8700434863985151,0.8891907941604587,0.891422360110985,0.9098734904548798,0.9173073119810645,0.8908844474587263,0.912466167177305,0.8726997806695305,0.9047042955648884,0.8691101807727001,0.9203834534879,0.9138628787528905,0.884376602163108,0.9045439669677013,0.8903707358715547,0.8863656267212261,0.9090820088186861,0.8665328061033283,0.9134470679463484,0.8836860843113007,0.9209431146594268,0.9064230063108515,0.885533268513909,0.8919439049964768,0.9081594805467905,0.8642626412586522,0.8407863243591663,0.8995515407119268,0.9200266937554065,0.8766128787912835,0.8555811025057534,0.9058940157757185,0.9059656162461533,0.8854248708867081,0.8989435787360578,0.9310985777714691,0.8999608810143883,0.9070759740057807,0.8723992941484331,0.8866380557557193,0.9154869772460386,0.894328372556656,0.9036283724774974,0.9031061087894309,0.9216270185156233,0.9165759502029485,0.8971860220293018,0.8809846063893736,0.9216496943023105,0.9083899331572606,0.9000080339916584,0.9152776988189373,0.8995170540486713,0.8069336454020796,0.9201836523109348
GSM3304974,0.9415859376322974,0.9407549686057673,0.9453871228718639,0.9305549428852375,0.9507376635580883,0.9305322538405634,0.929373396710625,0.925404231428666,0.9427718718947699,0.8830914488422966,0.9370828265975873,0.9499688443704166,0.9459397978522153,0.9201361016770884,0.9385337156769481,0.9386589748275068,0.866320982064695,0.905754090074824,1.0,0.9110365169561466,0.9374724421649147,0.9322853994030373,0.9155783853890819,0.94271222234845,0.9404687375852159,0.9335355668024532,0.9200057591420738,0.9267499045700717,0.9406458642690121,0.9282982565212351,0.8950413103176529,0.9465255109741805,0.9333838998582619,0.9499692756196838,0.9468324198213185,0.947379719823372,0.9473732030981356,0.9339370100047795,0.9422679144534871,0.9359130453593736,0.9460642902847441,0.9311605668359857,0.9018927220976574,0.9258245164563748,0.9392134966102417,0.9295832593990321,0.9165885389248614,0.8941619002291532,0.9140160387586599,0.9498952679696131,0.9161931704058607,0.8879722859018546,0.9318681436389195,0.9419251463070735,0.9429878792468831,0.9286998968817093,0.932960749216652,0.9435820414984334,0.9438300155988181,0.9427958825245061,0.939251303350689,0.9437914159135662,0.9492224480442518,0.9594906594785907,0.9361921134457375,0.9225440652612231,0.9560402202151281,0.9380216112169467,0.8522999065984548,0.8760678669503388,0.9319344054173275,0.9438502750830319,0.9348665238964511,0.9226015505825484,0.9155784009583132,0.9579561780677103,0.9484388603976299,0.9244290768472054,0.9290315887137891,0.9377228217450998,0.9547496836454946,0.9310139472743137,0.925674767378109,0.9174188521543254,0.8950000795513151,0.9608678165747905,0.9355384957769753,0.9502780381131937,0.9261257531065431,0.9395241279426899,0.9400738054148955,0.9381354488595358,0.9486729785896394,0.9397978994395205,0.9149350442247999,0.9311148538123861,0.8737872973639581,0.9420174897967958
GSM3304977,0.8910039751612102,0.9080968666935485,0.9164761123262245,0.9003238557474597,0.9200247277076549,0.9140911186535093,0.90901681591779,0.8988680424810601,0.9082803505805258,0.8829903269255966,0.8991579652200296,0.9009980259945715,0.8969289265880639,0.893395743376662,0.9136947234557073,0.9011749400416611,0.7950462570590976,0.9008119720199518,0.9110365169561466,1.0,0.8781577000969474,0.9090718577882156,0.9043446639900716,0.9043335499448594,0.9172490984249958,0.8758104748159357,0.8616762392061565,0.9112914794245003,0.8907594401518597,0.8769238660213419,0.8470386273456603,0.9280916599740269,0.9115154373748683,0.8712782392620246,0.9113379402128176,0.9122437555555705,0.9074063403458107,0.9055604675821841,0.8879897792303617,0.9128947402799972,0.9173106939708331,0.888320467674879,0.9035078858736622,0.8914224710667472,0.9098655700006456,0.9011643438171684,0.9156769636203855,0.905446559729572,0.8872839243531194,0.9152658959522837,0.8854864583333056,0.8955205624092571,0.8646905489775792,0.914318920619681,0.9149513971277197,0.8918917903463193,0.9060001251883929,0.8929686607924638,0.8861948902766253,0.9157987407101644,0.8609903465722535,0.9173091595785162,0.8879244455525362,0.906337861617655,0.907005249711543,0.880299921802466,0.8885632083581907,0.9073585974464023,0.875451654095659,0.8275419379187103,0.9046463317239807,0.9132597390734835,0.8904984837789164,0.8630419675656854,0.9112499928600892,0.8999645733807666,0.8948347309099118,0.9020564348849881,0.918522166492259,0.9135133864087104,0.9103089092596915,0.8888269927999892,0.8898054538234828,0.9101078648170454,0.897192301649404,0.8995450327587329,0.8953507710271321,0.9155571589489327,0.9076008679540626,0.8993085233385857,0.8791202539797512,0.9209521646205961,0.8976317740939767,0.9116183041777529,0.9112740704315511,0.9151808226154121,0.8105522441225465,0.9181740503202236
GSM3304980,0.9269540350390352,0.9296826611824315,0.9416577609069255,0.9319530789362072,0.9400269087025578,0.9050535440687303,0.9302058769248152,0.9350235023037999,0.9345401761043873,0.8277546109230504,0.9346663778050851,0.935419811793722,0.9303732601040874,0.9139645537217026,0.9042355279123863,0.8831893150909947,0.8987605064597235,0.880604292332159,0.9374724421649147,0.8781577000969474,1.0,0.9286317079490602,0.9107076136552651,0.9287189646709098,0.9093262580600867,0.9354746256486162,0.932701456417544,0.9093779688438267,0.9508939387781201,0.9474470663484195,0.9204396378293404,0.9271071535583334,0.9168473107220925,0.9391956206256911,0.911719109058364,0.944576227101957,0.9340564655967174,0.9280859541940704,0.930046765955442,0.9140467095291418,0.9184759368479207,0.9236206230273846,0.8788756644666801,0.9241456384932917,0.9352711163028316,0.9347009083066212,0.8987342875395717,0.8444959044931418,0.8946646447959282,0.9341640496713661,0.926520709799422,0.8387774742617669,0.9579634586027218,0.9292084619817524,0.9282960134902635,0.9115273422686017,0.9294180733371086,0.9233150495779885,0.9368046718296873,0.9285441874647822,0.9436535726166448,0.925984408339762,0.9547791574297989,0.9374660014424517,0.9352266491745101,0.9201860827091016,0.9499188070647581,0.9231763344670441,0.8263055307774455,0.8963560367906073,0.9435561813131526,0.9044000537639114,0.9363524678317304,0.9324072756187362,0.8960185501782352,0.951485935748022,0.9536591793529974,0.9286066347299567,0.8851513454126113,0.9300706813870976,0.9483991725489856,0.9162931757075464,0.9165382465848532,0.8950805517824545,0.8931596625647353,0.9442536884843978,0.9395187171200867,0.9052228951649379,0.8855575251473089,0.9368542133947667,0.9327496303756021,0.9117288394649106,0.936265696943929,0.9321184487368103,0.8740231961733419,0.9056208949912256,0.9165274432643749,0.897268881177151
