,GSM2674196,GSM2674188,GSM2674189,GSM2674190,GSM2674191,GSM2674192,GSM2674193,GSM2674194,GSM2674195,GSM2674177,GSM2674178,GSM2674179,GSM2674180,GSM2674181,GSM2674182,GSM2674183,GSM2674184,GSM2674185,GSM2674186,GSM2674187,SSP_4,SSP_3,SSP_7,SSP_8,GSM3304959,GSM3304960,GSM3304973,GSM3304975,GSM3304984,GSM3304985,GSM3304993,GSM3305051,GSM3305089,CA.1,CA.2,CA.3,CA.4,CL.1,CL.2,CL.3,CL.4,CL.5,CL.6,CL.7,CL.8,CL.9,CL.10,HP.1,HP.2,HP.3,HP.4,HP.5,HP.6,SSA.P.1,SSA.P.2,SSA.P.3,SSA.P.4,SSA.P.5,SSA.P.6,SSA.P.7,SSA.P.8,SSA.P.9,SSA.P.10,SSA.P.11,SSA.P.12,SSA.P.13,SSA.P.14,SSA.P.15,SSA.P.16,SSA.P.17,SSA.P.18,SSA.P.19,SSA.P.20,SSA.P.21
GSM2674196,1.0,0.9781684201829284,0.9805588889820656,0.9334405978916823,0.9381495416078613,0.9420338075598144,0.9251237775360982,0.9651102700260955,0.9687892079411695,0.9710222424107532,0.9707428278059363,0.9765028977462239,0.9734825177349806,0.9665024602388782,0.9721298634919102,0.9358786731138549,0.9668172601573164,0.939881095656527,0.9712752108331204,0.9493677659116452,0.9105098616849266,0.9488416768635896,0.9417284781454316,0.9324357906745123,0.9308594004155268,0.9020600335011459,0.9432840494629557,0.8974689234540393,0.9224064462987479,0.9191307069512267,0.9426857539964189,0.930105586736077,0.893128394176513,0.7086954694285623,0.7650511545882278,0.6727698731305827,0.8004833124374742,0.9549601107630248,0.9505381335030536,0.9341119682740965,0.9554147557717582,0.9534244173970047,0.9513106790387436,0.9530166027989928,0.9536583890724021,0.957273693621428,0.9547230458391274,0.9452639376818496,0.9324249199919196,0.9234927073475057,0.9336704000603668,0.9281391325541227,0.9062290596034819,0.8962355330384684,0.9328949614989571,0.912999608461515,0.9177085065905026,0.9381292508022491,0.9312240454059117,0.935737774696874,0.9306405648327291,0.9140058535397935,0.9141905775698342,0.911227717349059,0.8853835482659561,0.9562558941752693,0.9538980580929682,0.934081619020413,0.8945191336894824,0.8756104788886793,0.9163483951168152,0.9290830052767193,0.8584539610828851,0.8854866863381338
GSM2674188,0.9781684201829284,1.0,0.9780352444975853,0.9358422760869418,0.9506442365193476,0.9478329570097788,0.935292228253669,0.9716665756827688,0.9612542590670218,0.9779076276059259,0.9681299177528488,0.9733686604445231,0.9723332119781734,0.9721293185371772,0.9709765483688293,0.9461422201365096,0.9727609419919349,0.9412800875790238,0.9693323324859512,0.9564093306522837,0.9052779733801815,0.9453469655685091,0.9380621184822783,0.9271036407715395,0.9273434406136296,0.9011799603531969,0.9432226460377929,0.8929312178115666,0.9218427503744386,0.9118672058310912,0.9404211157139672,0.9238883831004154,0.8850759038425384,0.7143852352585268,0.7668190759639751,0.6731835283754228,0.8056265425789735,0.9536400363310031,0.9437657511945978,0.9277613204814542,0.9520165490875352,0.9432210262305463,0.9500071427258436,0.9587716010677605,0.9510873691884669,0.9539885201533758,0.956857369195562,0.9472799949771693,0.9197737462517281,0.9140673328563672,0.9264295566808131,0.9164625090441845,0.89728549534046,0.8955896962061617,0.9303946009273374,0.9072378199489183,0.9137390103336476,0.9385808812829226,0.9271588901842075,0.9389608440789148,0.9311013661515507,0.9082228147307841,0.9081368797453491,0.9103017263622478,0.8788104401298427,0.9597462413650318,0.9478267686847796,0.9321429028276089,0.8885048111826087,0.8664606730376548,0.9217235418182439,0.9297797179251152,0.8656160789541003,0.8737870043472699
GSM2674189,0.9805588889820656,0.9780352444975853,1.0,0.941660745053776,0.9461462777988328,0.9454250449972366,0.9255439959107697,0.9672643246571426,0.9603663318056757,0.9710953229304846,0.9746493303615544,0.9810390663719191,0.9792361730271708,0.9717834447323122,0.9748388114701422,0.9279289502532961,0.9686496678599948,0.9258376304821613,0.9779649007245844,0.9490333696932312,0.9224970076206005,0.9449596453312509,0.9386886471554352,0.926329675673205,0.9347416406297616,0.9157748515612709,0.9508647227339775,0.9073025147729964,0.9337045282113273,0.9251151181498924,0.9421614698588078,0.9408891244503115,0.9040332266022321,0.7061771967885418,0.7408105829377453,0.6553917661984691,0.7935778855296126,0.9574580099005953,0.9566829472034291,0.9418549198535513,0.9599520815444087,0.954412801946884,0.963046896275203,0.957132796621025,0.9590256361892598,0.9588652530744667,0.9571569773661717,0.9494757495019304,0.9301899225154562,0.9274594201612596,0.9343658878530846,0.9368513040425389,0.9049464147766704,0.8996749547209271,0.9310792860333248,0.9138353530344452,0.9220723579569943,0.9378709434735146,0.922033558381234,0.9337031130417779,0.9218319178316015,0.9124495493804586,0.9142539463226862,0.9131347292139272,0.8823842317571499,0.9579241865363459,0.9573245264741138,0.9349866821719652,0.8959619957349468,0.8721015787037577,0.9083167620808817,0.9355204876380956,0.8555304380826513,0.8870126165752302
GSM2674190,0.9334405978916823,0.9358422760869418,0.941660745053776,1.0,0.9817692914311554,0.9857222561208945,0.9786650226000178,0.9642199119248528,0.9556274886769317,0.9583391230586163,0.9611229816596848,0.9592338406356737,0.9626255876786272,0.9617917823003578,0.923242592686307,0.9585387438771754,0.957863514496069,0.9340073851589652,0.9688670192997416,0.9589329717269798,0.9037692993323753,0.9170342187989863,0.9123285879396053,0.9038713271157515,0.9161586867536596,0.8832067402193452,0.9186650095313175,0.8949953340165222,0.9311175310491541,0.8963128045180673,0.908432082617406,0.9300820340486352,0.9201470962708147,0.713523922853141,0.760251358391937,0.6071126628438202,0.804385453284476,0.9170627532153717,0.9144774981447701,0.8988662241958386,0.9242727235061877,0.9238645877606333,0.9311268254291609,0.9214398423044398,0.9402987433773834,0.9100250065859534,0.9206527744627365,0.940453834404017,0.9006887241294026,0.9205605477112301,0.9095126352911159,0.9111487949439724,0.9151635535870019,0.8979457722932194,0.9152225578736586,0.8705952644156137,0.8898805270433877,0.9292833706684255,0.8889631970271178,0.9451290608271558,0.9250386301455097,0.9237425534639814,0.9228269744031955,0.934673166483303,0.8978768785979981,0.9156901332992191,0.895618528539744,0.9250821507614766,0.8772014681681047,0.8284598171036935,0.9114142088749763,0.9365895418271373,0.9073135199478309,0.8915871422514143
GSM2674191,0.9381495416078613,0.9506442365193476,0.9461462777988328,0.9817692914311554,1.0,0.9836415661068383,0.9804872257236212,0.9721957734468492,0.9553734294807149,0.9657051768814123,0.9609285346051779,0.961161602485754,0.9651396640333377,0.971119432758395,0.933456768319413,0.9626660848239821,0.9657200888423368,0.9326028670144889,0.9682123824502448,0.9614355419988665,0.9029012237975934,0.9202168828182339,0.9146515124051227,0.9041170970223641,0.9164227777478233,0.8846169875800715,0.92050407140413,0.8922745647809593,0.926786929341708,0.8933128169625064,0.9171947339877308,0.9219481506591981,0.9059927085251648,0.7142150508611143,0.7609273104433385,0.6121134888506269,0.8087267611903497,0.92315906117472,0.9125226635877872,0.9017032841190301,0.9308115162175102,0.9225148503766936,0.9358478419186991,0.9331005025786722,0.9424559972678941,0.9186568768158173,0.9289743634019928,0.9468375349760042,0.8940859365651104,0.9121673244672353,0.9058313756608806,0.9068293453813976,0.9030343290000431,0.8978411861674187,0.9171623024177248,0.8739506595077153,0.8934307848122122,0.9317785934555403,0.8951411928841846,0.9454076457505772,0.9251422900551823,0.9151603755158405,0.9147600412754127,0.9288654937009335,0.8895599009258346,0.9273214910416496,0.8999170921321741,0.9246962191809649,0.8760555302889472,0.8288091121674097,0.9195974472771405,0.9398358991286887,0.9053205300860896,0.8774781436784439
GSM2674192,0.9420338075598144,0.9478329570097788,0.9454250449972366,0.9857222561208945,0.9836415661068383,1.0,0.9807881689126402,0.9726768277060239,0.9645209485108897,0.970055791645309,0.9661508437390889,0.9647053772243159,0.9650728860798028,0.970714673129048,0.9293236503921868,0.9665032751252908,0.9638752793249061,0.9419933526057767,0.969510461575391,0.96317868697091,0.9025558396094432,0.922851804640847,0.9174519256380208,0.9109948777333394,0.9192711484726401,0.8830874056294404,0.9229347494291604,0.8928823478971121,0.9306468118373327,0.8980853067733133,0.9155825077441473,0.9276280962218644,0.9152948163111156,0.7194570204300096,0.7790838177734406,0.6216289099881052,0.8163643399046918,0.9228248388869639,0.9161825606288061,0.8984284193929699,0.927694665876681,0.9252104127354869,0.9310188053707391,0.9289520364569812,0.9427783739259623,0.9177856737715883,0.9259712252249096,0.9436017913625816,0.9022205827881037,0.9170187021572245,0.9114444515347905,0.9088718232545928,0.9169387056920317,0.9029064526500175,0.9195244075227401,0.8759332724901502,0.8934882269571988,0.9334030391052794,0.9027762044894319,0.9507448855701399,0.9375324064828439,0.9281885091441023,0.928033927475783,0.9356466126565377,0.9008013656974124,0.9257843117924537,0.89911503157674,0.9279580242381159,0.879699065506515,0.8348774435156836,0.92176608447596,0.9388239833470382,0.9090984104619475,0.8893627910760405
GSM2674193,0.9251237775360982,0.935292228253669,0.9255439959107697,0.9786650226000178,0.9804872257236212,0.9807881689126402,1.0,0.9590359886134262,0.9478074393374687,0.9553006460193088,0.9539084473782308,0.9475373298178356,0.9502351815170588,0.9542303831401089,0.9206355817987005,0.9665727491109096,0.9597883198368157,0.9397092921181819,0.9561420410336107,0.961742609385984,0.8910246641475329,0.912790378442865,0.8990455959230566,0.8981509698370813,0.9044690292033348,0.8657612366058783,0.9037196423786009,0.875532673923677,0.9204622163785154,0.882759342033033,0.9037067252049341,0.9146185199754858,0.8953327088183033,0.7215290426769159,0.7749137326372038,0.6199433153314353,0.813444476358218,0.9078824131829085,0.8971214447378473,0.8875973409083479,0.9126704629786726,0.9149335622977803,0.9229120537669648,0.9162044422588466,0.9299531096184472,0.8992438090250441,0.921103178358874,0.9409359702106096,0.8913649613617001,0.9109548505836628,0.8981886581070919,0.8907557566515865,0.9054549110377506,0.8907909415612827,0.9121742338035471,0.861056391990393,0.8837370894777357,0.9293464228174211,0.886845141430319,0.9436631162377703,0.9170601551586903,0.9089749590686094,0.9074686918842372,0.9225373693393254,0.8815065788416582,0.9154710185724961,0.8794647843354549,0.92041510434081,0.8594936864772085,0.8192412999747474,0.9212699002036571,0.9281951898053074,0.9153895822779183,0.8735325219101209
GSM2674194,0.9651102700260955,0.9716665756827688,0.9672643246571426,0.9642199119248528,0.9721957734468492,0.9726768277060239,0.9590359886134262,1.0,0.975673697178608,0.9845109213434703,0.97958213509991,0.9797638085284008,0.9821644277287114,0.9838353839946429,0.9635079207254249,0.9572145851945469,0.9743074067469024,0.9389881714961825,0.9775371263110862,0.9603903659999565,0.9145061025228275,0.9401945381036583,0.9373774796088435,0.9257428255025181,0.9267543114152788,0.8915905278964853,0.9356815390762679,0.900468993206103,0.9278683686423378,0.9063200675973303,0.9378704315591315,0.9291276123967943,0.904364219008741,0.7290954905519039,0.7776888351414997,0.6503027407464635,0.8235773037283585,0.9493082328174599,0.9369788302102634,0.9205001696162292,0.950563412897387,0.9466388855608774,0.9485093584547898,0.9562739321133804,0.9547935646912886,0.9463802799396386,0.9537850338750459,0.956083599567036,0.9229170321510819,0.9196127406917654,0.9287298036619154,0.9272771367980074,0.917846108278088,0.9119264207452412,0.9288537807678748,0.8986863768458823,0.9078746489471918,0.9392765391433805,0.9255871877440088,0.9492468796227601,0.9409343434611331,0.9260381831446758,0.9293481165276278,0.9314663492664873,0.8965948801997262,0.9529304033502637,0.9299283928494345,0.9349016901719078,0.8951079354231392,0.854088418078168,0.931078120429887,0.9461510003383455,0.890844278302552,0.8885418806998555
GSM2674195,0.9687892079411695,0.9612542590670218,0.9603663318056757,0.9556274886769317,0.9553734294807149,0.9645209485108897,0.9478074393374687,0.975673697178608,1.0,0.9748302361856898,0.9715865872790723,0.9733437672922408,0.9744785570454298,0.9711290132675998,0.9536565446218233,0.9493174387203651,0.9639146912010227,0.9456913574595578,0.9735146256014687,0.950727414852419,0.907921163253876,0.9431259388049534,0.9404881525452038,0.936174483300426,0.9255045283245052,0.8801042981731422,0.9283236872991669,0.8925134625835831,0.9237801163894009,0.9086709207522389,0.9341898499351412,0.9282367671829449,0.9067540793332534,0.7341972159899921,0.8052772041270065,0.6801690043814882,0.8333010459278698,0.9420184048957301,0.9349044521952456,0.9069668650661544,0.9457214513735509,0.9497913721988631,0.937550393670518,0.9445895909976397,0.9516845599764675,0.9427836934962357,0.9455268598885856,0.9459715200096288,0.9309999115256864,0.9261700740552982,0.9282376131573096,0.9258096730460628,0.9320003451779726,0.9095608370561826,0.9312113351193108,0.9038952391191182,0.9067653310984141,0.9351314484141865,0.9326561307312388,0.9493791257490997,0.9477542270152279,0.9377404750567337,0.9416334772384947,0.9320222809325395,0.9075547820767402,0.9473608083307727,0.924544590443595,0.9358336873336134,0.8993786687307891,0.8692014312867622,0.9296589808847803,0.9363662796455239,0.8865926927830445,0.9025916128354361
GSM2674177,0.9710222424107532,0.9779076276059259,0.9710953229304846,0.9583391230586163,0.9657051768814123,0.970055791645309,0.9553006460193088,0.9845109213434703,0.9748302361856898,1.0,0.9804941528288683,0.9817886444810213,0.9765142533997111,0.9812777248094807,0.9601194727662611,0.9640659905285739,0.977743034951944,0.9486316638706055,0.9753254509532346,0.9688639565523768,0.9114567008113913,0.9427334847627965,0.9372367731989365,0.9297112392611828,0.930447336179292,0.8966359775255831,0.9415349691649533,0.8968791804050503,0.9330724480453864,0.9164371331545599,0.9402425447761278,0.9337295746847201,0.9078099541112626,0.7337648277361212,0.7917870845168197,0.6660829720439998,0.8303043270207375,0.9535739521536496,0.9430235555641421,0.9199479593787635,0.9514228641824953,0.9437975271530229,0.9460954231957877,0.9545304628765048,0.9559936700282151,0.9462291153002401,0.9516399142816896,0.957232153129334,0.9240982847001781,0.922322846877587,0.928133985479447,0.9197927557036116,0.9207724762560625,0.9069813140899211,0.9335625001349063,0.8991572279153511,0.9133816987624488,0.9444531694107613,0.9295139400731399,0.9571029010501751,0.9482827811685468,0.9312687769339574,0.932371901874521,0.9336287076237133,0.9006898086696105,0.9568259543466741,0.9348720581882671,0.9393310332177631,0.892793702902957,0.8589137592959507,0.9368156172181563,0.9443368769192352,0.8961635286257272,0.8926505378008579
GSM2674178,0.9707428278059363,0.9681299177528488,0.9746493303615544,0.9611229816596848,0.9609285346051779,0.9661508437390889,0.9539084473782308,0.97958213509991,0.9715865872790723,0.9804941528288683,1.0,0.9815812633735104,0.982194771278974,0.9789510689818706,0.9702579527241549,0.9503382589897108,0.9798810590593229,0.9385408666715932,0.9799295193989244,0.962568385448949,0.9279679048183588,0.9495860300900982,0.937712924139733,0.9325100929246878,0.9393657525574152,0.9109951889132107,0.9432302523515237,0.9159674052972284,0.9390595038899079,0.9230939415600128,0.9395709498534202,0.9444069907254177,0.9155591101127859,0.722639872228839,0.7671559154542549,0.6423023189393896,0.8144443138465369,0.9460663174777795,0.9443569447517105,0.937332537651859,0.9502625088163635,0.958685710182076,0.9601929201083576,0.9507958928198511,0.9561400209505627,0.9471245187164565,0.9558815989639876,0.9590577985359201,0.9363085933717311,0.934335491122416,0.9426054181944602,0.941598736235506,0.9261795223288958,0.9167455056046142,0.9395402557974222,0.9117113024550223,0.9200417117549592,0.947864772731452,0.9303846117685388,0.952046177657227,0.9379242619539588,0.9271287456883801,0.9280085127191977,0.9296760277452089,0.8987286019592229,0.9563436043820989,0.9385908577246321,0.9449166356956095,0.8982732567547774,0.8691377255147412,0.9292318892020116,0.942865912733697,0.8854484254887544,0.9028390406279528
GSM2674179,0.9765028977462239,0.9733686604445231,0.9810390663719191,0.9592338406356737,0.961161602485754,0.9647053772243159,0.9475373298178356,0.9797638085284008,0.9733437672922408,0.9817886444810213,0.9815812633735104,1.0,0.9851402998487305,0.9779370927999419,0.9703584211005158,0.9488288042560487,0.9755004951505529,0.9397257781730737,0.9832413343741474,0.9621980339815919,0.9276708611421199,0.9464798881536606,0.9399535179652195,0.9289671575438401,0.9353055804094725,0.905123472346102,0.9450417767625876,0.9082246630432576,0.9374140455796108,0.9236142928926997,0.9446766881538172,0.9424516967605836,0.9145412385009764,0.7327575851077581,0.7673127361761739,0.660238673026849,0.8226677152684305,0.9570183325752267,0.9543702598983345,0.9397618242963662,0.9611819788856228,0.9575844274115597,0.9613366865535006,0.959989103202567,0.9668429165015802,0.9559493039749732,0.9606920490540858,0.9615815005910668,0.934980739833118,0.9361876010708757,0.9370369171779809,0.9365715925826459,0.9207200104483889,0.9108526699281473,0.9380285274129359,0.9094568343988616,0.9211203083212098,0.9474693696371889,0.9277625042552975,0.9497693084649912,0.9370086628152988,0.9307972761970519,0.9327973223234158,0.9345536517873066,0.8988213996550292,0.9570549401260089,0.9483072459055218,0.9429432851056052,0.90042510440574,0.865579174225687,0.9297884645565672,0.9478772028843349,0.8869859477451921,0.8981111538879253
GSM2674180,0.9734825177349806,0.9723332119781734,0.9792361730271708,0.9626255876786272,0.9651396640333377,0.9650728860798028,0.9502351815170588,0.9821644277287114,0.9744785570454298,0.9765142533997111,0.982194771278974,0.9851402998487305,1.0,0.981447713499836,0.9721305222747496,0.9463963541603978,0.9751744240651976,0.9337844716507054,0.9864292406559438,0.9591509824979558,0.9263042702316465,0.9460255582356768,0.9417823610046174,0.9297134393208044,0.9337362000561081,0.9051673643621109,0.9420463396786948,0.9113698074110066,0.9327311650390637,0.9156982491489483,0.9415829202255469,0.9379362543746494,0.9106870061435878,0.7197163166733945,0.7572811367638529,0.6427675799538327,0.8109785876471994,0.9502524745312682,0.9467602867059115,0.9329926470267199,0.958738986808367,0.9580360285860319,0.9608865286903722,0.958934347519881,0.9619977991941635,0.9559073429520258,0.9575232581311998,0.9574724928958402,0.9306260627691875,0.9297176345575512,0.933371460652856,0.9396261965540985,0.9175678169540994,0.9123025485073655,0.9327049575674922,0.9092022213485966,0.9172017697841881,0.9420227332811812,0.925316235296399,0.94419616765345,0.9316084932804755,0.9239286787645277,0.927222934402201,0.9297639669379509,0.8958365746681176,0.9553338853143133,0.9433827257365699,0.9395142916895803,0.9008925823732779,0.8647623791596106,0.922604063569202,0.9461654041132442,0.8800288702200029,0.8942216680028006
GSM2674181,0.9665024602388782,0.9721293185371772,0.9717834447323122,0.9617917823003578,0.971119432758395,0.970714673129048,0.9542303831401089,0.9838353839946429,0.9711290132675998,0.9812777248094807,0.9789510689818706,0.9779370927999419,0.981447713499836,1.0,0.9612412025758554,0.950795226682594,0.9769749757371586,0.9287526390019958,0.9780333712096619,0.9559169501660604,0.9182010667225209,0.9437191085380692,0.938909507298267,0.9276396716580753,0.9354231181786808,0.9092150291242278,0.943564740965453,0.910060882731135,0.9307951562638767,0.9125540369971632,0.9360674363337128,0.9328282447742804,0.9122751241841098,0.706679928050739,0.7578859402520416,0.6243525466549953,0.804650469297045,0.9399069294889454,0.9335207176822619,0.9219314033690021,0.9505095970817539,0.9418649145494246,0.9514929129523909,0.9507405362937118,0.9533662832994676,0.9451702354622503,0.9455713309193313,0.9521008123411938,0.9139944371948663,0.915417649562237,0.9260787524189482,0.9301814667612699,0.9084981327090658,0.9116055385684737,0.9292603185861109,0.9049163227363914,0.9117894799036944,0.9373190600743374,0.9253639426699075,0.9485236158499755,0.940211602497094,0.9223220574507266,0.9244429207545283,0.9251605593673184,0.8962481671407897,0.9538399606622866,0.93137455130151,0.9348479022911956,0.8962276826519452,0.8598446360405427,0.920574318452382,0.9426416319853009,0.8794104328360036,0.8867252259213074
GSM2674182,0.9721298634919102,0.9709765483688293,0.9748388114701422,0.923242592686307,0.933456768319413,0.9293236503921868,0.9206355817987005,0.9635079207254249,0.9536565446218233,0.9601194727662611,0.9702579527241549,0.9703584211005158,0.9721305222747496,0.9612412025758554,1.0,0.9166154640781043,0.9649342652829154,0.9230515994867955,0.9674344837695518,0.937617454994496,0.9115189813033829,0.9445777857262446,0.932361034983344,0.9223538328658204,0.9214017297050888,0.9000389793547711,0.9360610103222131,0.8974634790133855,0.9153101536795548,0.908586717045231,0.9362622766740464,0.9275853894934503,0.8814134304011216,0.7074069967308148,0.740601031908737,0.6580902453377858,0.7921347966570588,0.9451656938720203,0.9418740791751579,0.9372289136393945,0.9455398364623289,0.956878562395796,0.9578781186385323,0.9527280893111493,0.9452162474366758,0.9505735885637867,0.9614446883352479,0.9448193165924517,0.9314899029226517,0.9219005372346853,0.9357051408515418,0.9339591966216955,0.8973140750716349,0.8950845633259615,0.9229036928819884,0.9096753940169209,0.9122980903714145,0.932058826117369,0.9244056911747385,0.9215276457773661,0.9071066782627834,0.8920046344435568,0.8956139638966938,0.8963764155815911,0.8635623371395623,0.9539495520956016,0.9474135572412036,0.9265051997053464,0.8840061983767453,0.864433184572095,0.9073204656209543,0.9209150278043013,0.8446596125752044,0.8746937428985282
GSM2674183,0.9358786731138549,0.9461422201365096,0.9279289502532961,0.9585387438771754,0.9626660848239821,0.9665032751252908,0.9665727491109096,0.9572145851945469,0.9493174387203651,0.9640659905285739,0.9503382589897108,0.9488288042560487,0.9463963541603978,0.950795226682594,0.9166154640781043,1.0,0.9630347632998234,0.964589705033543,0.9552945028985116,0.9794602354663177,0.8806782185015197,0.9187985145354601,0.9088734155546618,0.9036377979844733,0.8994037965615284,0.8509172814229969,0.9024455946755112,0.8591446357053479,0.9119624776780171,0.879760371584426,0.9158886101605161,0.9020648298579919,0.8824195613233983,0.7315474394567073,0.8060325497939984,0.6463946827218946,0.8243124402418083,0.9217913810039327,0.9025123015242937,0.8824459347204251,0.9201629754785355,0.9124614626692833,0.9128926427172075,0.9280333938009098,0.9368411654468594,0.9053936210578775,0.918324635245461,0.9389997608762174,0.8926965384938237,0.909449486629818,0.8873802438849788,0.8711375181754221,0.9044247417915129,0.8850331030485985,0.9203809374183977,0.860402795828397,0.8849010773524556,0.9386466429007972,0.8900140869959562,0.9507846611355787,0.9328206843222685,0.9159974596422013,0.909922947836648,0.9282931963626743,0.8856394207352287,0.9192948970478823,0.8882651916743926,0.9252260019690512,0.8644835146485941,0.8220737238430229,0.9393303236419178,0.9311995544813036,0.9260638791595109,0.8660176275890072
GSM2674184,0.9668172601573164,0.9727609419919349,0.9686496678599948,0.957863514496069,0.9657200888423368,0.9638752793249061,0.9597883198368157,0.9743074067469024,0.9639146912010227,0.977743034951944,0.9798810590593229,0.9755004951505529,0.9751744240651976,0.9769749757371586,0.9649342652829154,0.9630347632998234,1.0,0.9428382783839262,0.9756635061576141,0.9713011828695124,0.9195231642787381,0.9490176296255511,0.9325690669340448,0.9296173057479845,0.9365995059492401,0.9058719193073537,0.9385360646126987,0.9017795246025979,0.937308121448242,0.9192489889069142,0.9396329486890085,0.9347965993558585,0.9042735916429401,0.7233238711010034,0.7728306751298988,0.6459220926341357,0.818757085852881,0.9445388083383857,0.9355505342230497,0.9286399570471404,0.9519021431856082,0.9443884170050011,0.9568150655684025,0.9512511639620943,0.9565835294957455,0.9409000751058315,0.9560891826031114,0.9603323586325128,0.9200582549919368,0.9242050892408934,0.9247077035680504,0.9195160788949768,0.911103201485134,0.9053815253021674,0.9415465671302065,0.9045142706084529,0.9185715562530676,0.9520180045543497,0.9214228744584181,0.9572139473631807,0.9315840185010664,0.9201038397965671,0.9173856821131571,0.9262731048280053,0.889119843666754,0.9554855131668106,0.9308116616199016,0.9445880879622727,0.8874760566124329,0.8617738296925348,0.9368373383616998,0.9445440502043241,0.9005476194258649,0.8875379541881487
GSM2674185,0.939881095656527,0.9412800875790238,0.9258376304821613,0.9340073851589652,0.9326028670144889,0.9419933526057767,0.9397092921181819,0.9389881714961825,0.9456913574595578,0.9486316638706055,0.9385408666715932,0.9397257781730737,0.9337844716507054,0.9287526390019958,0.9230515994867955,0.964589705033543,0.9428382783839262,1.0,0.9463299663880601,0.9661581729108671,0.8691652404274172,0.9198835492056662,0.9106969934999576,0.9055130191640351,0.891959904549845,0.846584674541829,0.9042319810362253,0.8551067834204975,0.9003196228019629,0.8783365088577094,0.9078787298943491,0.9031484035035303,0.8749855725812347,0.7214913853088176,0.8050366679172296,0.6753960130140508,0.8091250264035388,0.9150469419082174,0.9022225012602759,0.8819007467967072,0.9075406151935572,0.9202235891815006,0.9041494484237045,0.9153212261924021,0.9272176955245574,0.9037302238858741,0.9163750456411082,0.9219647519403047,0.906229369283386,0.9208706927214559,0.904457601915199,0.8780286651035933,0.9030840641198237,0.877517810697494,0.9148364067116451,0.8654188439273978,0.8802258621708008,0.9290319987424548,0.8969489157659731,0.931215907404623,0.9281932095677462,0.9032954128666069,0.8968297663022469,0.9112213610579625,0.8767821392429105,0.9079672120459982,0.8980921792487467,0.9154361798045532,0.8661400793535257,0.8361500961656838,0.9176306733180123,0.9039717951443202,0.8946757751555967,0.8693254805370076
GSM2674186,0.9712752108331204,0.9693323324859512,0.9779649007245844,0.9688670192997416,0.9682123824502448,0.969510461575391,0.9561420410336107,0.9775371263110862,0.9735146256014687,0.9753254509532346,0.9799295193989244,0.9832413343741474,0.9864292406559438,0.9780333712096619,0.9674344837695518,0.9552945028985116,0.9756635061576141,0.9463299663880601,1.0,0.9670059495229575,0.9280591259945076,0.9471846210136907,0.9420030853845872,0.930794294222317,0.9332771884582566,0.900355786174157,0.939941245597521,0.9072464378623224,0.9381867851065817,0.9152919609683403,0.9439744612468693,0.9422318197456463,0.9149428113631213,0.732038163209265,0.7708833967964379,0.6519172174876469,0.8193573571490539,0.952612909553381,0.9505287979428795,0.9343352551752154,0.9597897259504675,0.9608053577474343,0.9618031909465268,0.9605863777242422,0.9682011286461942,0.9502982256372359,0.955287886590923,0.9585324214506469,0.934665948584037,0.9426416646449021,0.9313644146816694,0.9353044935107298,0.9271781712892463,0.9142419384463772,0.9385995226093201,0.9075252563306945,0.9200878166023073,0.949911384203283,0.9191183728547906,0.949866275739618,0.9364830632074996,0.9315437399849317,0.9330306051288445,0.936099630868622,0.899089796638076,0.9510036712149557,0.9418068636692218,0.9443977491743651,0.9022225437034416,0.8651398098785766,0.9310440431828058,0.9499825082148098,0.893732631017323,0.9003127472614414
GSM2674187,0.9493677659116452,0.9564093306522837,0.9490333696932312,0.9589329717269798,0.9614355419988665,0.96317868697091,0.961742609385984,0.9603903659999565,0.950727414852419,0.9688639565523768,0.962568385448949,0.9621980339815919,0.9591509824979558,0.9559169501660604,0.937617454994496,0.9794602354663177,0.9713011828695124,0.9661581729108671,0.9670059495229575,1.0,0.8965729371037603,0.9257586920355465,0.9152978034317655,0.908389848701934,0.9116769399602054,0.872232516536102,0.9205520532320369,0.8753860672194452,0.9263863459101753,0.8971492150436556,0.925382714644263,0.9202723467237418,0.8949303582564981,0.7300267363674365,0.7876280178163103,0.6472566722446922,0.8177330441926102,0.9352273297406534,0.9220960361716024,0.9061355979290283,0.9333018544255747,0.928411442280877,0.9344136166928414,0.9376917662291177,0.9488715013487851,0.9217196855579772,0.9331580297118519,0.9479002383791645,0.9076229600693976,0.9275525333290229,0.9042486725147166,0.8914118611510418,0.9084666796790091,0.8903670511047173,0.9286180555353706,0.8727450140591818,0.8990123496982633,0.9469901621892269,0.8964355913025319,0.9511475009691738,0.9301052340999169,0.918520703744841,0.9123708739516433,0.931670156858717,0.8878717696395457,0.9290761600496544,0.9104001062921788,0.9342525319572209,0.8740054096563321,0.8346797821783727,0.9358558802874283,0.9375815218375851,0.9195133420461159,0.8760454705220956
SSP_4,0.9105098616849266,0.9052779733801815,0.9224970076206005,0.9037692993323753,0.9029012237975934,0.9025558396094432,0.8910246641475329,0.9145061025228275,0.907921163253876,0.9114567008113913,0.9279679048183588,0.9276708611421199,0.9263042702316465,0.9182010667225209,0.9115189813033829,0.8806782185015197,0.9195231642787381,0.8691652404274172,0.9280591259945076,0.8965729371037603,1.0,0.9420729500113296,0.9417085578339042,0.9351436264276219,0.9394261390690979,0.903911195556355,0.9132844488240793,0.9164107106389365,0.934858444386185,0.9308710761597815,0.9307467641286775,0.9211348486172687,0.9067177963477232,0.7939640345050163,0.7413172198692813,0.6910183273589459,0.8386754217265402,0.9067244285462602,0.9258317921797288,0.9227839407054581,0.9293893710949332,0.9264754096576073,0.9445772840635932,0.90653360432161,0.9308612000098163,0.9151794319470349,0.9191011917913103,0.932855450264121,0.9400266673241969,0.9357461568866033,0.9128734488926252,0.9424857727486259,0.9235479074315325,0.9566105531155996,0.9561938847206976,0.9499901852116978,0.9679748199500483,0.9534379924798314,0.9246786141217839,0.9265733042396963,0.9206592844961274,0.9354417464081691,0.9312176615124541,0.938960664634749,0.9243675005048505,0.9383960948922028,0.9360674045755542,0.9579393039903449,0.9471106359015983,0.9270911300667887,0.8933438477934926,0.9499904526241097,0.8246604715711093,0.9297108377344214
SSP_3,0.9488416768635896,0.9453469655685091,0.9449596453312509,0.9170342187989863,0.9202168828182339,0.922851804640847,0.912790378442865,0.9401945381036583,0.9431259388049534,0.9427334847627965,0.9495860300900982,0.9464798881536606,0.9460255582356768,0.9437191085380692,0.9445777857262446,0.9187985145354601,0.9490176296255511,0.9198835492056662,0.9471846210136907,0.9257586920355465,0.9420729500113296,1.0,0.9789839014480999,0.9795670715355637,0.9511766714738483,0.913909254662899,0.9395224748369415,0.9232529991238073,0.9351310972742748,0.9357493063902776,0.9410818542859278,0.9327456869266488,0.9099363241561834,0.7650454758373058,0.8089571133151534,0.7093397832006573,0.8404432034977792,0.9159335689617532,0.923696418003479,0.9103887066436761,0.928782288231851,0.9382047596184989,0.9392091057200913,0.9244923075823042,0.935424908809566,0.9320872376688671,0.9339240348532208,0.935365456722017,0.9450552258817172,0.9365053808891951,0.9239979473411112,0.9365352991360868,0.9326561608050408,0.94818599816824,0.973118252289156,0.9671880046440258,0.9546366520172981,0.9598478393671213,0.9576395101188281,0.9532241791986946,0.9513225601121402,0.9394073011776056,0.9345471048641535,0.9405270401796852,0.9303308620876066,0.9557062387715514,0.938793197322025,0.9655345879998931,0.9405423391725661,0.9362162639022562,0.9172978945449902,0.9413652139398497,0.8505765410436955,0.9237070037466176
SSP_7,0.9417284781454316,0.9380621184822783,0.9386886471554352,0.9123285879396053,0.9146515124051227,0.9174519256380208,0.8990455959230566,0.9373774796088435,0.9404881525452038,0.9372367731989365,0.937712924139733,0.9399535179652195,0.9417823610046174,0.938909507298267,0.932361034983344,0.9088734155546618,0.9325690669340448,0.9106969934999576,0.9420030853845872,0.9152978034317655,0.9417085578339042,0.9789839014480999,1.0,0.9771871250596892,0.9461009052953752,0.905070717536788,0.9342853039026987,0.9207381354519266,0.9284082981758452,0.9274426972148414,0.94089380050061,0.9211263742959993,0.9087092111375518,0.772330159290956,0.8061221134987949,0.7161198544308987,0.8401839816353314,0.9177481925752425,0.9255984364613342,0.8988965843267518,0.9302781893322434,0.93239274771667,0.9296024167136492,0.9230078090921947,0.933079098314826,0.9327348794987484,0.9241744292474013,0.9261455649027076,0.9400956885943537,0.9314036049908793,0.9154689957620086,0.9367397225600329,0.9363567906648591,0.952234455960236,0.9592235759333213,0.9605812781257539,0.9504168810202741,0.9474552576010062,0.9529845487821698,0.9424441882371174,0.9559632281888543,0.9452749327968001,0.9418450002414475,0.9437225705489621,0.9417845503733838,0.950428272903048,0.9388526375384914,0.9605968884858574,0.9704583796638365,0.9425485891650479,0.9057464805740928,0.9443740884289819,0.834640243546254,0.9307094767154507
SSP_8,0.9324357906745123,0.9271036407715395,0.926329675673205,0.9038713271157515,0.9041170970223641,0.9109948777333394,0.8981509698370813,0.9257428255025181,0.936174483300426,0.9297112392611828,0.9325100929246878,0.9289671575438401,0.9297134393208044,0.9276396716580753,0.9223538328658204,0.9036377979844733,0.9296173057479845,0.9055130191640351,0.930794294222317,0.908389848701934,0.9351436264276219,0.9795670715355637,0.9771871250596892,1.0,0.9460074440591716,0.8988935124161009,0.9253325548862975,0.9170954146326745,0.9294597561141837,0.9296236773318916,0.9283567642663131,0.9223232730937644,0.9085525250857521,0.7778109781826483,0.8374843419068808,0.7295716344294451,0.8515297136540719,0.901427691802968,0.9106969500636308,0.8766397072344767,0.91277593179473,0.9223430060966505,0.9165006239396233,0.9020796411139218,0.9177428690458995,0.914799149201405,0.9136537188517234,0.9163789092394943,0.9367694367627633,0.9256447558919549,0.9050853369341536,0.9279342920310872,0.9446946387122965,0.9503873858867785,0.9600261118964075,0.9595637101061842,0.9529997861757306,0.9456234685223153,0.9555740936676965,0.948992972728042,0.9543822486264484,0.9494908222042993,0.9456843570804784,0.9409383177600223,0.9468888911289524,0.946241376866639,0.9192937087710485,0.9631919656934039,0.947399796397602,0.9634015677958511,0.9043589302488325,0.9360565663092681,0.837444152024861,0.9372134065382505
GSM3304959,0.9308594004155268,0.9273434406136296,0.9347416406297616,0.9161586867536596,0.9164227777478233,0.9192711484726401,0.9044690292033348,0.9267543114152788,0.9255045283245052,0.930447336179292,0.9393657525574152,0.9353055804094725,0.9337362000561081,0.9354231181786808,0.9214017297050888,0.8994037965615284,0.9365995059492401,0.891959904549845,0.9332771884582566,0.9116769399602054,0.9394261390690979,0.9511766714738483,0.9461009052953752,0.9460074440591716,1.0,0.9514884479114473,0.9521043025236624,0.9461927099694916,0.9465812337513688,0.9562659042832791,0.9151846555436711,0.9458334816477288,0.938878644850074,0.7182096257868165,0.7534450662842607,0.6525519039760653,0.7957444810421271,0.8941841034784155,0.9067774018772241,0.8999325255333225,0.9112641095781838,0.908170635179461,0.9229319802312251,0.8954237589720991,0.9141760946727664,0.9052311363209838,0.9080241209568531,0.9174328928489288,0.9106208676523581,0.9149934349461779,0.9091538101463751,0.9281447250740571,0.9146353209430724,0.9336533746446082,0.9489529938948698,0.9386927511883766,0.9418453383166718,0.9409171392703353,0.9297963421078225,0.940336964531752,0.9346613019850246,0.9315383741727498,0.9226816543348126,0.9298713844047857,0.9263392051001208,0.9323267909844339,0.9188917537639312,0.9501067894977709,0.9306893860462314,0.9200407998952083,0.8801778538864923,0.9280014268062989,0.8336526147360089,0.9227193574805921
GSM3304960,0.9020600335011459,0.9011799603531969,0.9157748515612709,0.8832067402193452,0.8846169875800715,0.8830874056294404,0.8657612366058783,0.8915905278964853,0.8801042981731422,0.8966359775255831,0.9109951889132107,0.905123472346102,0.9051673643621109,0.9092150291242278,0.9000389793547711,0.8509172814229969,0.9058719193073537,0.846584674541829,0.900355786174157,0.872232516536102,0.903911195556355,0.913909254662899,0.905070717536788,0.8988935124161009,0.9514884479114473,1.0,0.9524776782168564,0.9462754257022609,0.9192426837481608,0.9386810361289973,0.8681645618400806,0.9310187400340879,0.9214695630811468,0.622119901003789,0.6523685819037638,0.5635401748722162,0.7038241103986247,0.8499476801516842,0.8693518730278831,0.8760897826045899,0.87239388666959,0.8664636652129946,0.8925383010386171,0.8506712575231276,0.8646837572878743,0.8732421399807297,0.8679126345556983,0.8748297896648226,0.8590567485379215,0.8659748520878199,0.8900922039187791,0.9112096361954544,0.857545987755396,0.888612705852884,0.8971989081896365,0.9058632597555025,0.9021895212703706,0.8894244180474483,0.8903675463363013,0.8913751460772027,0.8862727085856752,0.8685622443234677,0.8616947748699277,0.8728455880732913,0.8726891354389459,0.8968324038145258,0.8941989088284877,0.9018062158725071,0.8832030042396761,0.8759454353373971,0.8046840636391533,0.8746653861239387,0.7627637402884964,0.8837555910882988
GSM3304973,0.9432840494629557,0.9432226460377929,0.9508647227339775,0.9186650095313175,0.92050407140413,0.9229347494291604,0.9037196423786009,0.9356815390762679,0.9283236872991669,0.9415349691649533,0.9432302523515237,0.9450417767625876,0.9420463396786948,0.943564740965453,0.9360610103222131,0.9024455946755112,0.9385360646126987,0.9042319810362253,0.939941245597521,0.9205520532320369,0.9132844488240793,0.9395224748369415,0.9342853039026987,0.9253325548862975,0.9521043025236624,0.9524776782168564,1.0,0.9349509449697633,0.9404326290981884,0.9503114102731307,0.906839108779068,0.9503412789454053,0.929198179129544,0.6799256152990852,0.7278948676028145,0.6376986265360632,0.7684242741268751,0.9039338394830594,0.9153958856737432,0.899490681245494,0.9103087372175533,0.9100694410016842,0.9214565466490056,0.9020172088852347,0.9115332916931437,0.9174063278320542,0.9110648509260431,0.9115344706641431,0.9010762967021608,0.9048262901001344,0.9146615409132726,0.925518861156604,0.8943690234395374,0.9040737768779445,0.9212468089368316,0.9158880498594034,0.9183703247732923,0.9234044112389677,0.9248881214211631,0.9228481456149354,0.9237123627370811,0.9074730198535631,0.9038321757675736,0.9098369352914305,0.8972490869289765,0.9308712372159833,0.9257892401965965,0.9265318678622008,0.9000673108345785,0.8830451626107539,0.8608027682842536,0.9095687547660605,0.816944932346631,0.8970209374674794
GSM3304975,0.8974689234540393,0.8929312178115666,0.9073025147729964,0.8949953340165222,0.8922745647809593,0.8928823478971121,0.875532673923677,0.900468993206103,0.8925134625835831,0.8968791804050503,0.9159674052972284,0.9082246630432576,0.9113698074110066,0.910060882731135,0.8974634790133855,0.8591446357053479,0.9017795246025979,0.8551067834204975,0.9072464378623224,0.8753860672194452,0.9164107106389365,0.9232529991238073,0.9207381354519266,0.9170954146326745,0.9461927099694916,0.9462754257022609,0.9349509449697633,1.0,0.9160504762903411,0.9248208773984438,0.8707678836866595,0.9268100721972032,0.9273871008404003,0.6664544889788958,0.6971695050018538,0.5886159910779425,0.7425044453337168,0.8517149127537019,0.8743528920729812,0.8738448470714789,0.8726066415147031,0.8829814119127503,0.8928586984574384,0.8607456275940473,0.8734101584543373,0.8776320415810054,0.8696973304981507,0.8815419436874514,0.8812054211736275,0.8879255552493714,0.9012670654368644,0.9336974709603192,0.8957835328731245,0.9199781882428439,0.9101870604841799,0.9191913682650897,0.9090540412148282,0.9001892065911862,0.9073146959112507,0.9038055289476088,0.9056550318751979,0.8971355246085659,0.8942604072549233,0.8998983852617367,0.9068905238422847,0.9002720326588873,0.8888395901947395,0.9151631898817117,0.9088926493572721,0.8954106460354376,0.8276922154381835,0.8940780845141517,0.784940036518434,0.9137026474241396
