,AD2,AD3,AD4,AD5,AD7,AD8,AD9,AD19,AD20,GSM3304958,GSM3304961,GSM3304962,GSM3304963,GSM3304964,GSM3304965,GSM3304966,GSM3304967,GSM3304970,GSM3304971,GSM3304974,GSM3304977,GSM3304980,GSM3304981,GSM3304982,GSM3304983,GSM3304986,GSM3304987,GSM3304989,GSM3304991,GSM3304992,GSM3304995,GSM3304996,GSM3304997,GSM3304998,GSM3304999,GSM3305000,GSM3305001,GSM3305002,GSM3305003,GSM3305005,GSM3305007,GSM3305009,GSM3305011,GSM3305013,GSM3305014,GSM3305015,GSM3305016,GSM3305017,GSM3305018,GSM3305019,GSM3305022,GSM3305023,GSM3305024,GSM3305026,GSM3305027,GSM3305028,GSM3305029,GSM3305030,GSM3305031,GSM3305032,GSM3305033,GSM3305034,GSM3305035,GSM3305036,GSM3305037,GSM3305038,GSM3305039,GSM3305040,GSM3305041,GSM3305042,GSM3305043,GSM3305044,GSM3305045,GSM3305046,GSM3305047,GSM3305048,GSM3305049,GSM3305052,GSM3305053,GSM3305054,GSM3305055,GSM3305056,GSM3305057,GSM3305058,GSM3305059,GSM3305063,GSM3305065,GSM3305066,GSM3305067,GSM3305070,GSM3305071,GSM3305072,GSM3305073,GSM3305074,GSM3305075,GSM3305077,GSM3305079,GSM3305080,GSM3305081,GSM3305082,GSM3305087,GSM3305090,GSM3305091
AD2,1.0,0.9538593040036558,0.9405380625898808,0.9532567367922156,0.9308731193580861,0.906133526122436,0.927603552141453,0.9320703993564545,0.9451894278382799,0.8648339828679822,0.9392283442300008,0.9578882579135531,0.9299043890671055,0.934829808311787,0.9180762129206202,0.9091268666076676,0.8896898393468232,0.8930977200438542,0.8800739855267675,0.9416338743071855,0.8910415712522047,0.9271777797933838,0.9196699521422038,0.9150542504735184,0.9300159084000775,0.9017975544865223,0.9340844405622164,0.9301530147078334,0.9124506062193997,0.9454535881228746,0.936157067388263,0.9023365438215619,0.9339898991291518,0.9177013643019802,0.9512606929160482,0.9267593269199981,0.9140422341117874,0.929018175249518,0.9332445900070054,0.9195198401781136,0.9015621220068748,0.9211482042250373,0.9156035547068224,0.9411413805469606,0.9248293727268363,0.8842742784638027,0.9370787385298589,0.9428740134587773,0.9226559271144532,0.8911397140568589,0.8469315639806172,0.9160226426366481,0.916322391655621,0.9267597182257002,0.8716873323381431,0.9259761317410339,0.9215721391870897,0.9379104314221619,0.9347056347269539,0.9299811682802487,0.9290595386416141,0.9373903864056085,0.9135620445294829,0.945024839740469,0.9247805374873554,0.9402041337685738,0.9435490661028781,0.9209760432826086,0.922848003956218,0.9418031552025538,0.9138675276361747,0.9256201462823704,0.8054876118949463,0.8690993649284676,0.9235839022834811,0.915437482757144,0.9570513808650079,0.9234939747558002,0.8919619433969621,0.9446450532261245,0.9299273437326594,0.9120526833648863,0.8951775061780556,0.9191219776470544,0.9402887633939269,0.91877812183114,0.9361896519466957,0.8805384302238668,0.8931395977636463,0.9442721906744431,0.9241427991947222,0.9325482312244451,0.894249210220496,0.9274912434709538,0.9404183987127892,0.9302929610836537,0.9199807705228442,0.9345992880932651,0.9188694404788127,0.8646300292003902,0.9444397565754901,0.8981744112421495,0.9243878462768623
AD3,0.9538593040036558,1.0,0.9516279174464031,0.9485834277442488,0.9535977035429927,0.933235911030888,0.9385591887617063,0.9420243286404527,0.9631169156016388,0.8617847550529503,0.9525390590130833,0.9532478778676566,0.9217671840994613,0.9423013464767788,0.9179403987712755,0.9012115637665206,0.8894590313113949,0.8835164716292299,0.8897730341038022,0.9408794946080565,0.9082290556638123,0.9299024425308196,0.9202199162342687,0.9238612131293041,0.9296868768139739,0.9184303282834507,0.9371354778706603,0.9405474910256875,0.9267829655446075,0.9519679902443872,0.9342602392482969,0.9140369087793044,0.933737775588752,0.9199820005928525,0.9341700873531964,0.925451298197339,0.9244543019945654,0.9407657155251169,0.9315538513064868,0.9397975927149993,0.9160409502986075,0.9189512903001853,0.9170111713889686,0.9409898801309178,0.9211341686361486,0.8908537436033629,0.9416574669950271,0.9446460431140538,0.943842034516513,0.9086803190257869,0.8691357418378756,0.9092805107660173,0.9302150750032501,0.9224119025551866,0.8840800019827066,0.9152946359079692,0.9307292617792277,0.9467952729648893,0.934075206868003,0.9302157221656507,0.9472343120400746,0.9492713914613429,0.9199669476669428,0.937546597252271,0.9292415618869565,0.9329368934687441,0.9382947408581415,0.9173694798433941,0.9111164514014901,0.9335386766381727,0.9119705624667804,0.9232518852231029,0.8298220834518343,0.8567750316226417,0.9270994380866588,0.9146944486546783,0.94808216901259,0.9135383667497492,0.9110758096469436,0.9433071609836441,0.9331388235280859,0.9127739731918848,0.9072659475103292,0.9348233715562335,0.9485464904140928,0.9385215633344405,0.935497598292426,0.9061318761466172,0.9200982182150969,0.947716681866227,0.9335685217131242,0.9267532549225932,0.8976705851494723,0.9260260257877616,0.9471106161114206,0.9270054838350491,0.9229800017199146,0.9317121168011939,0.9239330139420728,0.8774054483066044,0.9382365570342442,0.890848675555313,0.9301927125836771
AD4,0.9405380625898808,0.9516279174464031,1.0,0.956358422408246,0.9625998977256097,0.9454538442632554,0.9388161486937366,0.9349784250932303,0.95040752316855,0.8807297640678093,0.9565695384490631,0.9511985629906747,0.9372264572745681,0.9248488146496899,0.9458844554715155,0.9287532634431063,0.9254446794399609,0.8775521273698701,0.9165948002787684,0.9454590828436278,0.9164969889349703,0.9417921093851919,0.9513180562684297,0.9277047276336172,0.9495409447768736,0.9419301222916076,0.9438979743110623,0.9293160308614955,0.9316872652420847,0.9522967698193603,0.9427932471495214,0.923885254104162,0.9419610989730544,0.937448162591953,0.9407360471493854,0.9095852587369558,0.9422898877549436,0.9622263715471059,0.9573252741025522,0.9431988684081819,0.9465577663742457,0.9317206939590861,0.9501210695242919,0.9524042253291805,0.9184479087891796,0.9190283978208017,0.9282856144922194,0.9460119791409699,0.944063331670159,0.9331862024274664,0.9001440177664929,0.9190580414852567,0.9519877808364016,0.934190490224107,0.9049364346261535,0.9381607184764692,0.9518470427291746,0.9550979611520864,0.9412106435242392,0.9458649765198308,0.9345340617093916,0.9442900225801213,0.9497502205730439,0.9393734513966024,0.943959276219651,0.949480945432509,0.9536986780203865,0.9414311164544155,0.9323270486163302,0.9469774951884882,0.9341498483552376,0.9465650652683374,0.8594609554060736,0.89696611472085,0.9449436749937524,0.9389445526759752,0.9411341748902038,0.9291783928865248,0.9211605361552471,0.9572582169203894,0.9441178832716978,0.934063252937578,0.9335540793563867,0.951440698692665,0.9606824193612695,0.9324643196748913,0.9491817373060221,0.937502971889156,0.9137847668575577,0.9431086932406281,0.939640608030376,0.9462616954851552,0.9188794417491077,0.9478270148531741,0.948835371423034,0.9499467794354953,0.9395212150858696,0.9359366828991467,0.9352197052384084,0.9156939561563258,0.9450042570464334,0.8906221198833489,0.9407336429569167
AD5,0.9532567367922156,0.9485834277442488,0.956358422408246,1.0,0.9484111082800831,0.9313315597657579,0.9403715792131978,0.9377785328648858,0.9374712015385669,0.8584085455399239,0.9496083009796842,0.9514502293695691,0.9186990800817195,0.9249782414989938,0.9292471572104692,0.9062178374959364,0.9097074733660776,0.8896506354563953,0.8958487729570913,0.9305862931056683,0.9003263367408886,0.9321339480707601,0.9339511642634389,0.9300059702723293,0.9308025863962437,0.9211776653537787,0.9401456257617504,0.9237277386391971,0.9236728084449033,0.947024052422825,0.9475719445586742,0.9122245055192365,0.9306799119660818,0.9223950241002495,0.9383507428975203,0.9302870211970372,0.9130785048776184,0.939867406567685,0.9358758574020003,0.938550466299681,0.9219465994889577,0.9144004025953663,0.9293119966390964,0.9479131301118904,0.9094373308396989,0.8887090129309028,0.9246088460881111,0.944988309241973,0.9409573605780671,0.9083087452675294,0.8708252032570805,0.9249579314025687,0.9278491346225789,0.9421618838833429,0.8903672100876553,0.9217689249158851,0.9343141605993223,0.9426713027043985,0.9350439052168569,0.945565174671429,0.9205464368046088,0.9306776617623259,0.9258025445673382,0.9293190666071245,0.9274169742309982,0.9321360756187139,0.9385481911589382,0.9372639985114183,0.9274050844386912,0.9332870373425847,0.9233465206493735,0.9338549709459706,0.8305577368442473,0.8929593709138169,0.935996743217467,0.9168120005129237,0.9458777229785211,0.9194717360505079,0.9013704052181428,0.9509753541774022,0.9326723368368012,0.9204105053910092,0.9079673475777021,0.9310155563640611,0.9454545861879747,0.9213092932772663,0.939637163391238,0.9026848866559233,0.9041672187068432,0.9367415250935576,0.926312224101815,0.9259379224477126,0.896969118256882,0.928262420635423,0.9419750509603814,0.9400231108957685,0.925081046363666,0.9285779104647419,0.9204356615839062,0.8870156937891838,0.9448695429587214,0.8990791055766959,0.9227455594007892
AD7,0.9308731193580861,0.9535977035429927,0.9625998977256097,0.9484111082800831,1.0,0.9612949213692911,0.952318787509064,0.9450410759246253,0.9470674146760164,0.888974826636662,0.956560003536146,0.9539164206728061,0.9258830416931078,0.9257212582024905,0.9423310986525844,0.9300489394047305,0.9112007303517992,0.8555468460389303,0.9182308530510264,0.9507562689666806,0.9200844549868834,0.9400800399125477,0.9428307508597914,0.9320762380397484,0.946558515328879,0.9490044098349502,0.9333484703164214,0.9287419392477444,0.9486066456795847,0.9532108148811431,0.9350691555015606,0.9178563272938476,0.9428618908546296,0.9324608313106341,0.9278836474829182,0.9128205343882546,0.9500214569870951,0.9542229575330297,0.9436111103516066,0.9445447226175161,0.9494182675072728,0.9378557994107256,0.9409308207345763,0.9490265148253709,0.9304808872686738,0.9011636371900088,0.9339297174943973,0.943182773371297,0.9410366914318972,0.9391178467980911,0.9137322366360706,0.9233592785442674,0.9590417997615697,0.930926111305158,0.8992948418331956,0.9273867068858882,0.953128977098482,0.9558022977307794,0.9294646045275682,0.9435075579280531,0.9414172071991672,0.9416871924455738,0.9473934075274195,0.9335520023107996,0.9440183874378658,0.9395384164043585,0.9518033106919055,0.9407488776415928,0.9208651178250173,0.9419779758057226,0.9328499608052526,0.9379133479409913,0.8707693058183809,0.8711862737971474,0.9371192705187987,0.9405697193282324,0.9391965971705913,0.9141028479456615,0.9395662610388245,0.9553104762102468,0.9512314700021315,0.9325109712631415,0.9341005298396587,0.9477050359716738,0.9582947477901218,0.9206799250575055,0.9316825237972726,0.9405714100228378,0.9311432566326391,0.9572521608960229,0.9584952012628106,0.9416658475247929,0.9284783408437948,0.9459175535130427,0.9507351733654357,0.9374758666653243,0.9458515361183722,0.9539260421742315,0.944343917923091,0.923600100670624,0.9389772064729502,0.8821613891658967,0.9459689469284189
AD8,0.906133526122436,0.933235911030888,0.9454538442632554,0.9313315597657579,0.9612949213692911,1.0,0.9304099142602175,0.917074163501171,0.9290125006000505,0.8741570653348005,0.9350134677089091,0.9310647948625224,0.9093841206932373,0.9034133273689133,0.9343019605806389,0.9222640139493006,0.8941053268576437,0.8241945903648921,0.904942221097474,0.9305060240346917,0.9140595053088384,0.9049504295229918,0.9260372721845483,0.9234229569690992,0.9227515002176881,0.9332971063472265,0.9147240494858621,0.8922044545585891,0.9279221778250091,0.9369763568381901,0.9081930595979195,0.8901080210332295,0.9295102409464432,0.92226481041344,0.9008500355012888,0.8922211237911405,0.9277038336464277,0.9319814859290889,0.9300867392092956,0.9280977802796133,0.9317163289612687,0.9124599537845024,0.9288740323788015,0.939272240331555,0.8990167830154926,0.8996191687535557,0.912985350984444,0.9283387621694744,0.9201978788082759,0.9274044909917234,0.9067979452757342,0.912218733759826,0.9364012508589374,0.9110537668256661,0.9025203844852614,0.8914038070832334,0.9323186376246991,0.9341839154391237,0.9218366457351569,0.9261547191018982,0.9177511669937557,0.9130565999844994,0.9324464026732573,0.8955937666965218,0.9234711777724232,0.913954022599818,0.9271038794513583,0.9207611264319248,0.8984011921240938,0.9130192440501865,0.9163662854677267,0.9203755625681127,0.8618681389060338,0.848880483477604,0.915829299372661,0.9257553569190735,0.9135781965764515,0.8880428051879338,0.9188143589262828,0.9278884764265606,0.9233944672210477,0.9133168352779327,0.9221998470696141,0.9355015407616962,0.9332405924929451,0.9070123006491528,0.9190866121910731,0.925656872620791,0.9075861964736969,0.9262411543038732,0.9237548577289273,0.9274129634275732,0.9126129664197424,0.9267042143003212,0.9257725188115155,0.9166262931835868,0.930154790017562,0.9213297888095617,0.923646955168597,0.9185290459799095,0.9324938222403353,0.8446122386577588,0.9343790719115491
AD9,0.927603552141453,0.9385591887617063,0.9388161486937366,0.9403715792131978,0.952318787509064,0.9304099142602175,1.0,0.9855858329137165,0.9348799084625176,0.844648634437646,0.9430160270919686,0.9381392751450588,0.9310986217936612,0.9103666878113312,0.9188690868248524,0.8971898392401966,0.9006633632970314,0.8583706508686039,0.8995862515643077,0.929457040098142,0.9091085703283666,0.9303406214062746,0.9270946370953185,0.9352127271522187,0.9099902500571062,0.9237274171233881,0.9178126460920616,0.9075688964529147,0.9256055615506323,0.9472397886108652,0.926435997780501,0.9058097429706938,0.9402704812382268,0.9263391210088476,0.9196553126065742,0.9276335552502466,0.9188824487403888,0.9380911136424895,0.9385488895088947,0.9439600209812657,0.9235921076421231,0.9284886176911422,0.9146681227744715,0.9390064399882344,0.9140421296863978,0.8903978233488997,0.9167665709586085,0.9346770042232165,0.9331915214046167,0.9150997609114018,0.8831964621822845,0.9041047901601387,0.9332204134286434,0.9316612645652643,0.8893092727235666,0.9111832426611173,0.9276378108495473,0.9292107264915354,0.9241552655957003,0.9279074262069613,0.9217979562975771,0.9308603779981368,0.9298636210333938,0.9204370849556408,0.9157250455972612,0.9323877335976325,0.9296519220330589,0.9311643407113446,0.9159900273948064,0.9238241879010619,0.9073144041203302,0.9130148932573378,0.838634157603617,0.8756053761664868,0.9339538697700104,0.9125291984383799,0.9264664586844991,0.9118074873123652,0.9101917505050116,0.9322729143695994,0.9426900570550496,0.9247488721885803,0.9054336633178584,0.9336834073840791,0.9385671358222959,0.9101868507659903,0.9104258181886551,0.9165312907326268,0.9238363599746768,0.9415719893055418,0.9402136245554511,0.9110614144554662,0.8959116911736241,0.9234668395767444,0.9348077659757504,0.9153424688697486,0.9185966554813234,0.9326907577790707,0.9342059120276897,0.8940899877682288,0.920819949789679,0.8889511970380901,0.916503965401515
AD19,0.9320703993564545,0.9420243286404527,0.9349784250932303,0.9377785328648858,0.9450410759246253,0.917074163501171,0.9855858329137165,1.0,0.9358578257659272,0.833225277887571,0.9422404600209277,0.9348603376331305,0.930622729455023,0.9133004280310542,0.9066783572437419,0.8842213926588257,0.892458827516048,0.8734728500232601,0.8852437470491612,0.9255608137583667,0.8989863019264588,0.9352416216576384,0.9202002317404314,0.9319442474904592,0.9068007246836564,0.9082222944428154,0.9222359843314403,0.919079451862075,0.9202139496103033,0.9483853433163127,0.9299547485216295,0.9143675949576462,0.9341853869816525,0.9197984048056359,0.9239957594715169,0.927719757006086,0.9108563143976476,0.9347674302051715,0.9358586635238653,0.9425394817990759,0.9154589262678802,0.9235649553882324,0.9038424379069157,0.9310493556017783,0.915681362534531,0.8833910462148438,0.923312777994104,0.935871166476637,0.9315048851248611,0.9073512353622833,0.8599511568739922,0.8982233839452329,0.9294159442081379,0.9347225764817548,0.8711766881781241,0.9171405435311294,0.9200968391252179,0.9266086812677977,0.9196964672318668,0.921880416926772,0.9224096321357554,0.9342089422719472,0.9228992546503902,0.9283292863611903,0.9107209144249364,0.9359026708932163,0.922585191356957,0.9247933533766179,0.9162438796737636,0.9248918224365942,0.8999128841492466,0.9032882581246597,0.8242955416747562,0.8774112670898643,0.931990973537504,0.8974757514030833,0.9288706512455909,0.9207401544727472,0.9027661609082802,0.9293459971628999,0.9456567882417707,0.9219234156472994,0.8885419686188732,0.9314031917181117,0.9359916140350077,0.9100542696465659,0.9095641025192706,0.9030634450510364,0.9192679839804173,0.9424478097599783,0.9404491130059452,0.901539245445418,0.8837236584640001,0.9203731091770861,0.9333106452435641,0.9169460850309328,0.9090540137271124,0.9296397806259898,0.9325314928801942,0.8759620715492724,0.9166970532303715,0.9053409682365854,0.9045840947195435
AD20,0.9451894278382799,0.9631169156016388,0.95040752316855,0.9374712015385669,0.9470674146760164,0.9290125006000505,0.9348799084625176,0.9358578257659272,1.0,0.8545950055906157,0.9477903502171985,0.9455635878534799,0.9295552990187376,0.9420477812500551,0.9176076221368301,0.9013723308731417,0.887317134476157,0.8860598293108575,0.8889806910931441,0.942800323239718,0.9082305144205904,0.9346651046841802,0.9211512224105224,0.9166523914480884,0.9314647200739402,0.9180630755534295,0.936909202087264,0.9413274799698774,0.9205958719640275,0.9507948542447947,0.9356990888425232,0.9129542208147543,0.9363668105633001,0.9203610934517666,0.9335958336944163,0.9129668714994582,0.9262838813300037,0.9436640217207224,0.9365690509125993,0.9323277057982331,0.9256914516867645,0.9244510241596121,0.9203637020675572,0.937288058256855,0.9207893064100898,0.8963809106589588,0.939416819135246,0.9402388501214463,0.9315824253780022,0.9090315010474305,0.865224078974921,0.8953369775340242,0.9336205238540332,0.9175732985226875,0.872415980121283,0.9266067426630543,0.9288749823724427,0.946119197930316,0.9333128398343586,0.9278310522264125,0.9422692184596578,0.9470496430019283,0.9267741197784166,0.940317493870353,0.9329283172625971,0.9396358108700018,0.9388445625716466,0.9175784580308569,0.9104141057466296,0.9394345153478689,0.9100910532698938,0.9245517794112261,0.8275374581881334,0.855595830016214,0.9281681394206749,0.9173408429144924,0.9403434714803033,0.9186492321692036,0.9076294422581831,0.9472607988208275,0.9342085763573863,0.9142006901195927,0.9088691888338273,0.9426539828843035,0.9529815902171389,0.9402265818044988,0.932286555614609,0.910312818938213,0.9113982368899772,0.9455158706208298,0.9291000791084856,0.9285883341852248,0.8937436957662552,0.9264468827058335,0.9429585222949584,0.925400639979588,0.9243924176683838,0.9284839791445479,0.924394965813886,0.8801210523401838,0.9308856746575981,0.88725021535,0.9245532672379122
GSM3304958,0.8648339828679822,0.8617847550529503,0.8807297640678093,0.8584085455399239,0.888974826636662,0.8741570653348005,0.844648634437646,0.833225277887571,0.8545950055906157,1.0,0.8537434303107992,0.8701171505343057,0.8393788776674891,0.8534153399943447,0.8956118125530108,0.9177372195663293,0.8513884325285834,0.7500847657179976,0.8931682104231999,0.8829778194704547,0.8829423980302371,0.8278081517992205,0.873077469346979,0.8492959687594485,0.9020778431124368,0.8921697689298704,0.8324923974866573,0.8246863003557751,0.8842346094473347,0.8591949839939712,0.8298656198630614,0.7946963044796396,0.874228372109851,0.8749655103669995,0.8457982882469226,0.8073719989973162,0.8976030625554903,0.8732603423724535,0.8641073783776119,0.8338035694374814,0.8586178773658855,0.8446874356940652,0.8981306631457187,0.8842870486379959,0.8665275716883793,0.858911433248388,0.8520491584908512,0.8559568988999118,0.8467548903044338,0.8859011673358435,0.8994346384000081,0.8692718599363908,0.88720954085555,0.8294631075284286,0.8758801036621233,0.8235048500228479,0.8981438179254949,0.8969597138995836,0.8437430970596126,0.8690458086770607,0.8609852143976275,0.8497744420678595,0.8738445203729385,0.841222584852414,0.8930013818541395,0.8412086451129897,0.8936688055134072,0.8669662640957686,0.8502844709880588,0.8641910409408523,0.8796558203309904,0.887752881482635,0.8490651940800297,0.7869478391543834,0.8481309245589727,0.9075221932752615,0.8576292198365806,0.8119034133077985,0.8889400205125141,0.8734612971066551,0.8456357507589233,0.8542098732327053,0.9075673157214885,0.8580527000431453,0.8719646467711564,0.8303018777558844,0.8687221134839587,0.8807755059201152,0.8619420259255988,0.878541862787197,0.8689304743051813,0.9140250826750659,0.9139722007577004,0.8865455797356039,0.8623800468960896,0.8595211389955982,0.9056735116304829,0.8844620592215854,0.8651834001410176,0.8920904959537578,0.8934109640564889,0.7574909893756084,0.9126852386085667
GSM3304961,0.9392283442300008,0.9525390590130833,0.9565695384490631,0.9496083009796842,0.956560003536146,0.9350134677089091,0.9430160270919686,0.9422404600209277,0.9477903502171985,0.8537434303107992,1.0,0.9554162977978372,0.9317931674668417,0.9242611257942096,0.9262661354022399,0.906885903562219,0.9081660514968624,0.8845692273367013,0.890608204401254,0.9371475070831565,0.8991207115226418,0.9348103806061177,0.9326442877195398,0.9237438154742229,0.9274311429868143,0.9231394016034866,0.95178517655625,0.932461543106147,0.932487788507464,0.95714938540405,0.9420722495014836,0.9295418104239614,0.9310264317072671,0.9210096799211137,0.936341368075492,0.9277388003284213,0.9288570105933263,0.9452969164444663,0.9436187173341849,0.9520850568021131,0.9336532597412918,0.9325393503746394,0.9216357941919953,0.9457491061176146,0.9128391421015637,0.8878078466192066,0.9303256769775238,0.9443451562703329,0.9459463793447015,0.9142697973207885,0.8715135903509726,0.9140381073264057,0.9372790260269416,0.9382284327498733,0.886787388338159,0.9268723955049162,0.9322239867341243,0.942799926274802,0.9401218754137306,0.9314961735004601,0.9342433277890256,0.9408234661092906,0.9390856676651705,0.9402962196979879,0.9252467367997741,0.9407749004959184,0.9386841895467309,0.9271173675715506,0.9263267958164513,0.9372314933135519,0.9246555876368681,0.9228144834761064,0.8430403801909153,0.8866589655181852,0.9343129236081031,0.9178084693489129,0.9411741092361002,0.9277825777548818,0.9095013931752916,0.9477555333669055,0.9450417781669634,0.9202656860898663,0.9069265382156015,0.9439380896216869,0.9493186650515169,0.9262521057851558,0.9375059778320339,0.9153417407447106,0.9124315034240491,0.9463258600146034,0.9385073373565417,0.92650459912525,0.8979832289588301,0.930967961414391,0.9394154947507716,0.9401049636136469,0.9220436004290792,0.9362800975188676,0.9267903209530834,0.8845631061087026,0.9328945780256549,0.9053344279845715,0.9241979513959339
GSM3304962,0.9578882579135531,0.9532478778676566,0.9511985629906747,0.9514502293695691,0.9539164206728061,0.9310647948625224,0.9381392751450588,0.9348603376331305,0.9455635878534799,0.8701171505343057,0.9554162977978372,1.0,0.9325208002448134,0.9308877449761476,0.9349417415407597,0.9256254573553874,0.9016678272076436,0.8757236595189617,0.895540831982103,0.9499866275197986,0.9008381375443292,0.9355897455229822,0.9322597040432947,0.9233631433930282,0.9350309343563897,0.9249524382508426,0.9427183914303525,0.9297297344575399,0.929925190359394,0.948907611283316,0.9348844325448912,0.9103474762288605,0.9348741194944432,0.9233706311229438,0.9452371563354434,0.9310974989608988,0.9398465355464631,0.939066884815992,0.9409674577911209,0.941457009900051,0.9307303130149213,0.9413774062911836,0.9277750001925978,0.9489164748093984,0.9279564106616573,0.8886592694963331,0.9367376757316084,0.9391929380753824,0.9386178597469184,0.908863217553596,0.8776194666324914,0.9263799371061707,0.9337822732794131,0.92755624098714,0.8873724980578778,0.9293268333776904,0.9314257129842294,0.9419097630115618,0.9416687987486155,0.9350198972627096,0.9413535796180499,0.945085751918185,0.933515548924003,0.9450742390054114,0.9313693278299269,0.9439854879042161,0.9518241079206673,0.9307041387739748,0.9284239970474853,0.9430334708834266,0.928755536500476,0.9299168753780813,0.8386176728770712,0.8806748226195722,0.932142048408447,0.9326180322461424,0.9714657109755545,0.9300169879715677,0.9158777987208706,0.9495747005650882,0.9422500243520067,0.914684621478011,0.9114673988641611,0.9331310157312759,0.9463143283120751,0.9294118411403604,0.9396661903543778,0.9100016963096311,0.9081760269931476,0.9532034727804712,0.9376585153494336,0.9476591282366567,0.9135054892639828,0.9362012665346483,0.947926536333026,0.9372293640135293,0.9251774284095278,0.9486429415205428,0.926679646751937,0.8967459907807482,0.9388743014647275,0.8914644989312291,0.946094337394025
GSM3304963,0.9299043890671055,0.9217671840994613,0.9372264572745681,0.9186990800817195,0.9258830416931078,0.9093841206932373,0.9310986217936612,0.930622729455023,0.9295552990187376,0.8393788776674891,0.9317931674668417,0.9325208002448134,1.0,0.9050330033693335,0.9169362808973514,0.9014076849101967,0.9010872126392562,0.8767162320134037,0.8832802088565319,0.9459822351191213,0.8968338670732794,0.9304236949555548,0.9245901393867417,0.9106409621074864,0.9127454429758942,0.9086637969990498,0.9319699557718348,0.9111323760183527,0.905011975271961,0.9464374513873259,0.9260884709615408,0.8960175306304594,0.941804836453618,0.9234233709125608,0.9336316597374108,0.9036308868694267,0.9125673717513583,0.9327283722345208,0.9420392249351677,0.9199059566665178,0.9198504960530561,0.9403792741301027,0.9136491001968281,0.9361688173730615,0.9133288419016529,0.8934372763175663,0.9105317285750122,0.933448517902803,0.9226002814810402,0.896610291439285,0.8589268523217208,0.8990194451446415,0.9248726445656462,0.927236970720232,0.8767922270824935,0.9275070205508517,0.9191377713059973,0.9185960248134769,0.9252995034712063,0.9242546877840642,0.9175451155685586,0.9235214368069778,0.9456896587532195,0.9272294078905948,0.9212003417051526,0.9495263184901789,0.934208759104259,0.9230423953556244,0.9233577989525542,0.9388502971252969,0.916373086756316,0.9176794622016854,0.8300002785874998,0.8914975248277248,0.9308919506271645,0.9151465070206467,0.9251368297509469,0.9260577072957136,0.8842885989113766,0.9397357566574551,0.9411832728851264,0.9189632981730801,0.8965746878702883,0.9333403038029906,0.9414750139689951,0.9162167099303898,0.916696668822787,0.8992282050222723,0.8864472645948446,0.9314460733969215,0.9226348727836834,0.9227267082082359,0.8874478370319447,0.9320120775514035,0.92559841909283,0.92959643933833,0.9178085142785634,0.9241964923613445,0.9273799837527008,0.8818432103756367,0.916461174704354,0.8888236284993717,0.9079243784883069
GSM3304964,0.934829808311787,0.9423013464767788,0.9248488146496899,0.9249782414989938,0.9257212582024905,0.9034133273689133,0.9103666878113312,0.9133004280310542,0.9420477812500551,0.8534153399943447,0.9242611257942096,0.9308877449761476,0.9050330033693335,1.0,0.8971724578479002,0.8868443152854448,0.870108338460422,0.8757185389563735,0.8721778713326936,0.9201826885147075,0.8934214262423185,0.914132030471992,0.9018107730257745,0.9071632967098238,0.9193989112394307,0.8922233197586699,0.9143546775692768,0.924046716601899,0.9072096390725306,0.92730273029863,0.9214319394187377,0.8908630792356098,0.9203320538441883,0.9060428727129248,0.9183690381840808,0.9041858205697899,0.9008817149317002,0.9196441376844059,0.9096390817520025,0.9063492909553932,0.8896136135063635,0.8998871015919789,0.8993114001081078,0.9189159024112883,0.9211816521556191,0.8745919037465917,0.9277374411177812,0.9327514143153978,0.9181370727977156,0.8862605291424466,0.8390340423038682,0.8908921307551461,0.9061992583777754,0.9016135245315746,0.8496699334571521,0.9071432720534783,0.9092936435175318,0.9310317102468085,0.9091838285125889,0.9175195113153565,0.9257955552158729,0.925715031487813,0.9007362109262868,0.921793142562562,0.9209091137120382,0.9129852184308102,0.9210024938623363,0.8996101191563352,0.8942050570016148,0.9209777883808484,0.8899954834908964,0.9115595625237229,0.8018620574177239,0.8402283205429238,0.9103140745663193,0.8972780527873895,0.9354561876254496,0.8981719629383734,0.8876308155382758,0.9257353073119741,0.908756901552576,0.8983531317894922,0.8859599166157743,0.9098828636845194,0.9310427365073272,0.9155417516929184,0.9196477810929983,0.8791381599042387,0.9037789219220569,0.9272170425281591,0.9130175489420914,0.9112580209464372,0.8754960394147715,0.9100559126073399,0.92923268356314,0.9072317148841846,0.9125816731843954,0.9186159293500907,0.9092923410225248,0.8522193836842175,0.9205097409742555,0.8804794812478172,0.9049888085762687
GSM3304965,0.9180762129206202,0.9179403987712755,0.9458844554715155,0.9292471572104692,0.9423310986525844,0.9343019605806389,0.9188690868248524,0.9066783572437419,0.9176076221368301,0.8956118125530108,0.9262661354022399,0.9349417415407597,0.9169362808973514,0.8971724578479002,1.0,0.948013795197684,0.9060772678628063,0.8220724796687287,0.9147976343191017,0.9385744207720943,0.913676188971723,0.9043673391103688,0.9403679151934937,0.9108093223950322,0.9314350433591679,0.9482855866182606,0.9191908869954016,0.8831611600432495,0.9251121335041571,0.9327765227341812,0.9074504149884765,0.8841054898251495,0.9329710438110456,0.9246561094280477,0.9160539174982579,0.8846503099861224,0.9394498060841225,0.9356823660944806,0.9461491148971304,0.9227044134085091,0.9428963605867782,0.9232947005513343,0.9447155972687239,0.9546590322107621,0.9050005698009216,0.9053515190329756,0.8983768761265067,0.9254625043701966,0.9138903546400173,0.9254385295017188,0.9181865952863488,0.9186692008653312,0.9492710598004085,0.905631797669547,0.9093477325706268,0.9050864063689666,0.9399925774205796,0.9344184289526986,0.9190524403797685,0.9321530160744438,0.911259667630214,0.9101008606874301,0.9428579641344229,0.9039977777644304,0.9357065571990683,0.9225749995831909,0.9429352056701522,0.9265949518706401,0.9161536720315309,0.9219719401297519,0.9319984611494303,0.9371036864329049,0.8805321027051646,0.8736506884065807,0.9190986186362299,0.9541476609396201,0.912953010343365,0.9030106289728538,0.9170080280887395,0.9392750999314673,0.9280276974111163,0.9160096900106234,0.9407983872999612,0.9331812538601749,0.9345739300852545,0.9044262310446815,0.92256037971171,0.9396395967494062,0.899682110333948,0.9298542270691582,0.9217893888803671,0.9469701565728152,0.9372337827983019,0.9359601551866733,0.9225391757397573,0.9261023816235433,0.9368896143904667,0.9302028760980752,0.9197301156918034,0.9331912266306529,0.93163034395068,0.842901272197232,0.9445131733053165
GSM3304966,0.9091268666076676,0.9012115637665206,0.9287532634431063,0.9062178374959364,0.9300489394047305,0.9222640139493006,0.8971898392401966,0.8842213926588257,0.9013723308731417,0.9177372195663293,0.906885903562219,0.9256254573553874,0.9014076849101967,0.8868443152854448,0.948013795197684,1.0,0.8966950475404706,0.8007388798313732,0.9141044987313687,0.938631882314037,0.9012433412845826,0.8833956917523078,0.9259705374719718,0.898863930235354,0.9347926715800682,0.9371568837491816,0.8957756787963481,0.8679694970429127,0.9087350506453888,0.9184640020456188,0.8860186329241604,0.8561079073450076,0.9191507835975612,0.9208976405215865,0.9155443140293662,0.8668029413344703,0.9380598791708554,0.9226558884056809,0.9286841528098484,0.9003004928805877,0.9214604797301164,0.9124153857122697,0.9409397485537137,0.9328356847876126,0.9065975605491802,0.898991466403295,0.8899830587887818,0.9010343624110148,0.8962677717639281,0.9132795313461464,0.9198205085685419,0.912212149327484,0.9317027860864658,0.8766839619986972,0.9053065522672831,0.8868564706697418,0.9341264863609868,0.9316281709614558,0.9061613412569423,0.9135730290306117,0.9199683194500686,0.9097370171715639,0.9203835317443975,0.9020886597490662,0.9297951613415152,0.9066414285589797,0.9453688109289489,0.9091233744127294,0.8960977751717134,0.9184450065775219,0.9143317342426511,0.9247724867789265,0.8607268238397655,0.8480641424140148,0.9000568516448681,0.9484569822296836,0.9026951441078885,0.877234035331948,0.9103045169829836,0.9292340455848556,0.9093290150513056,0.9014763915888754,0.937126909261673,0.9139333920544168,0.9185739215814395,0.8882964827016172,0.9126606885287295,0.9181935768910627,0.8814727986329165,0.9342622363255115,0.9120072949821989,0.9498809217023525,0.9397293862017656,0.9307330063627663,0.9129409703217216,0.9220626803470682,0.9312923712363094,0.9278419653359062,0.909428840782435,0.9266594592309968,0.9235985026214548,0.8166587618518866,0.9474715183492993
GSM3304967,0.8896898393468232,0.8894590313113949,0.9254446794399609,0.9097074733660776,0.9112007303517992,0.8941053268576437,0.9006633632970314,0.892458827516048,0.887317134476157,0.8513884325285834,0.9081660514968624,0.9016678272076436,0.9010872126392562,0.870108338460422,0.9060772678628063,0.8966950475404706,1.0,0.8372601278993422,0.8951411935000713,0.9062423007374378,0.8771711061181887,0.9047139460514136,0.9204283842797265,0.8945278404084341,0.9111104043955662,0.9098106549342422,0.8979667533334117,0.8718055003470022,0.8930053847091621,0.9041201258327582,0.9029836350326055,0.8729615093199697,0.9078688417182762,0.9117379017844613,0.9004088236541176,0.8778083446054785,0.9015721588412842,0.9231769766701665,0.9168839485497978,0.8951500814417624,0.9005475990075966,0.8986095795106256,0.9127085286154437,0.9118891606636894,0.8850726101464998,0.8844496005405891,0.8752311502161124,0.9031676585214158,0.9104240662546652,0.8989129154618216,0.870193456240482,0.9069913411175189,0.9022969397754759,0.9003272249979883,0.8790903418788322,0.9066575669534579,0.9164564641051866,0.9141266276451835,0.8974920452033318,0.9136709630251768,0.8869994657750084,0.9002455395628,0.911466332450012,0.8943566978478787,0.9039608200556386,0.9095379370660579,0.9178743988947786,0.9163083974263277,0.9167979494129953,0.9115683972133358,0.9024197676802056,0.9090250406736005,0.8429094760735016,0.9040962679952491,0.913746925827478,0.8987826411502711,0.8929686530082358,0.8922401513180925,0.8847602652729691,0.9191959399295039,0.9057615444912523,0.9106410688658747,0.8948602978047671,0.9001063122675924,0.9145002706819876,0.8771571119116144,0.9012191953941372,0.8936590981933339,0.8680176539160294,0.9099209907262686,0.9012802337809359,0.9080409083935304,0.8894766267305201,0.9171111642340429,0.902385381051739,0.9187058675997846,0.9036775279005838,0.9050661670328377,0.9044939192123036,0.8850846524806827,0.9002277758263241,0.8580196738712895,0.8946885029540877
GSM3304970,0.8930977200438542,0.8835164716292299,0.8775521273698701,0.8896506354563953,0.8555468460389303,0.8241945903648921,0.8583706508686039,0.8734728500232601,0.8860598293108575,0.7500847657179976,0.8845692273367013,0.8757236595189617,0.8767162320134037,0.8757185389563735,0.8220724796687287,0.8007388798313732,0.8372601278993422,1.0,0.7936412312303588,0.8665510230158298,0.7951524150118776,0.8991475759059835,0.8512571568493098,0.8465512542048497,0.8551248737929381,0.811780760199353,0.9036062132673112,0.8998351362771402,0.8239080079870177,0.8874296798192881,0.9259596615714932,0.8744997670135891,0.8482645209340728,0.8515918515178559,0.9094516269241356,0.8799456490132289,0.818045197457948,0.8780106457859981,0.8638706959674667,0.8649696321205158,0.8303111439875118,0.8675230304846898,0.8356464972996299,0.8590487841686506,0.859964745223404,0.7945921713768929,0.8596051352315836,0.888208218772428,0.8766639494335923,0.8000519680526156,0.7239247403088584,0.8311546588638504,0.8466855851660124,0.8722325916970339,0.7658606369141716,0.9012479337365351,0.8451081411192592,0.8661366734439454,0.8585578169639457,0.8717621495122119,0.8674118495738827,0.8883477462420211,0.8426545359490584,0.9117514748654137,0.8581350183851361,0.8957141598007287,0.8681425871244884,0.8544646428059344,0.8691508198465195,0.903198455512213,0.8408220096247043,0.8598868480603415,0.7050343703083183,0.8552990852107097,0.873826482439512,0.8236664905514762,0.8865433763452164,0.8782427448112358,0.7878465170560045,0.8997525282389258,0.8794188821447366,0.8576825584373496,0.8005680893745489,0.8554543235764811,0.8849947764316582,0.8710030276969323,0.8770498224762409,0.7889353482387703,0.8245680021095824,0.8821290403969486,0.8610694216810464,0.8252140989621193,0.7857794780148026,0.8591161463605246,0.8715199356565188,0.8952978926575712,0.8379138950727718,0.8597406368002524,0.8430964897923608,0.75041078411034,0.8481996945545353,0.9277196705384172,0.801188392613734
GSM3304971,0.8800739855267675,0.8897730341038022,0.9165948002787684,0.8958487729570913,0.9182308530510264,0.904942221097474,0.8995862515643077,0.8852437470491612,0.8889806910931441,0.8931682104231999,0.890608204401254,0.895540831982103,0.8832802088565319,0.8721778713326936,0.9147976343191017,0.9141044987313687,0.8951411935000713,0.7936412312303588,1.0,0.9056727989847545,0.9007704073925336,0.8806025721286602,0.9117139429462685,0.894044272161359,0.9053745148318699,0.922653253453842,0.8625690473903942,0.8469299694578231,0.8980328359286945,0.8920990072951525,0.8720151932528787,0.8394389111009608,0.9116256600035169,0.9108005508500571,0.8712979593749459,0.8457176991683987,0.912823059117442,0.9102745356070763,0.907709636782078,0.8859839957140495,0.8996426538777458,0.8849706687447259,0.9231970568727814,0.9155614742825,0.8850369116755366,0.8944943035905994,0.8700418225580344,0.8890143596337856,0.8912124670184413,0.9097700295071045,0.9171746926122464,0.8908386754994472,0.9123793676895987,0.8726055282040059,0.9045895846810332,0.8689412606888823,0.9203575184362072,0.913717769037728,0.8843457109540014,0.9044818264530644,0.8903024822108835,0.8862563777432997,0.9090259083415277,0.8664399239776827,0.913382780361503,0.8836424560664199,0.9208892588000244,0.9063400672507332,0.8855195684133453,0.8918815493276386,0.8990827855322383,0.9080086870957965,0.8644041103292633,0.8409435632398791,0.8995170452508986,0.9200877465375191,0.8767813668823162,0.8556947870143323,0.9059700277494707,0.9058831753806688,0.8853090775865534,0.8988205692678607,0.9310171854017463,0.8999177358358547,0.9070293689098251,0.8722367019361625,0.8865779475066208,0.9153652174115593,0.8943615438501936,0.9035217589478738,0.9031642348699355,0.9214331023099396,0.9164522047071979,0.9047105897207322,0.8971865029888698,0.8807445488283008,0.9215567064058129,0.9083813765787256,0.8997847992739174,0.9152208359954053,0.8996039027204937,0.8071233684464345,0.9201022455097159
GSM3304974,0.9416338743071855,0.9408794946080565,0.9454590828436278,0.9305862931056683,0.9507562689666806,0.9305060240346917,0.929457040098142,0.9255608137583667,0.942800323239718,0.8829778194704547,0.9371475070831565,0.9499866275197986,0.9459822351191213,0.9201826885147075,0.9385744207720943,0.938631882314037,0.9062423007374378,0.8665510230158298,0.9056727989847545,1.0,0.9109572994801334,0.9375082009379329,0.9323187259375056,0.9157846967842169,0.9427606878124601,0.9404564946608399,0.9335969590733602,0.9200315163682355,0.9267535907350879,0.9522162019916725,0.9283396909083742,0.8951655502171117,0.9464491544378429,0.9333413096342857,0.9499529822389001,0.906848205276199,0.9468119530316037,0.9473177824329335,0.9474522132494793,0.9225697161586432,0.9340661445324732,0.9423305148928691,0.9360017295733807,0.9461182723793271,0.931056925738886,0.9018621796497123,0.9259762825695211,0.9392572055267938,0.9297738294925464,0.9164723170392045,0.8941185354053303,0.9140848109613887,0.9499246540916111,0.9162922453607406,0.8879760066059653,0.931872229197354,0.9419427745498571,0.9429818583097229,0.9287548359995004,0.9330835753847385,0.9437904505754446,0.9438537994344286,0.9428931099432147,0.9392472341531892,0.9437570991955444,0.9492270081585323,0.9595978788562222,0.9361801715601588,0.9226878020905531,0.9560048002371171,0.932747919052283,0.9380999691926124,0.8521569009417432,0.8763820557095302,0.9319998131058758,0.9438582045005597,0.9349643152564682,0.9228052019339613,0.9156298129248005,0.9580048145079444,0.9484393762558804,0.9242015705502046,0.928860331665322,0.9378424991741091,0.9547599262359333,0.9310963706548194,0.9257402739445202,0.9174628182059935,0.8950354240988743,0.9608133648061181,0.9355666867696265,0.9501736169512712,0.9260066321861109,0.9509623270702499,0.9395642998397017,0.9401013214717424,0.9381034423756534,0.9486643729518486,0.9395732689378248,0.9147874770477595,0.931220261000179,0.8740398405912535,0.9420376729366176
